0114821980999991993010112004-01717-045400FM-12+004499999V0203601N00261220001CN0100001N9+02931+02561101031ADDAA106000091AG14000GF104991041021017501001001KA1240N+02311MA1999999100521MD1999999+0081REMSYN016 333 20231 58008
0123821980999991993010218004-01717-045400FM-12+004499999V0200501N00671045001CN0100001N9+03151+02451100721ADDAA106004091AG10006AY161061AY221061GF105991031021017501061001MA1999999100211MD1999999-0071MW1021REMSYN016 333 59007 60041
0114821980999991993010300004-01717-045400FM-12+004499999V0203601N00211105001CN0100001N9+02591+02421100911ADDAA106000091AG14000GF105991021011017501031011KA1240M+03191MA1999999100401MD1999999+0041REMSYN016 333 10319 58004
0120821980999991993010312004-01717-045400FM-12+004499999V0203601N00361015001CN0100001N9+02921+02501101001ADDAA124004091AG10000GF105991051021017501001001KA1240N+02471MA1999999100491MD1999999-0051REMSYN022 333 20247 59005 60044
0095821980999991993010318004-01717-045400FM-12+004499999V0203601N00511045001CN0100001N9+03161+02471100821ADDAA106000091AG14000GF106991041021017501061001MA1999999100311MD1999999+0101REMSYN010 333 58010
0114821980999991993010412004-01717-045400FM-12+004499999V0203601N00311015001CN0100001N9+02871+02521101141ADDAA106000091AG14000GF105991051051017501001001KA1240N+02571MA1999999100631MD1999999+0141REMSYN016 333 20257 58014
0095821980999991993010418004-01717-045400FM-12+004499999V0203601N00511220001CN0100001N9+03101+02481100841ADDAA106000091AG14000GF102991021021017501001001MA1999999100331MD1999999+0061REMSYN010 333 58006
0114821980999991993010512004-01717-045400FM-12+004499999V0200501N00311045001CN0100001N9+02981+02491101081ADDAA106000091AG14000GF106991031021017501041041KA1240N+02531MA1999999100571MD1999999-0061REMSYN016 333 20253 59006
0095821980999991993010518004-01717-045400FM-12+004499999V0203601N00461220001CN0100001N9+03301+02471100721ADDAA106000091AG14000GF103991031001017501061001MA1999999100211MD1999999-0121REMSYN010 333 59012
0114821980999991993010612004-01717-045400FM-12+004499999V0203601N00511105001CN0100001N9+02971+02511101151ADDAA106000091AG14000GF105991021011017501031011KA1240N+02511MA1999999100641MD1999999+0081REMSYN016 333 20251 58008
0095821980999991993010618004-01717-045400FM-12+004499999V0203601N00511045001CN0100001N9+03051+02481100711ADDAA106000091AG14000GF106991041021017501061001MA1999999100201MD1999999-0011REMSYN010 333 59001
0114821980999991993010712004-01717-045400FM-12+004499999V0200501N00311015001CN0100001N9+02841+02521101071ADDAA106000091AG14000GF108991051071017501061999KA1240N+02541MA1999999100561MD1999999-0081REMSYN016 333 20254 59008
0095821980999991993010718004-01717-045400FM-12+004499999V0203601N00461045001CN0100001N9+02991+02391100771ADDAA106000091AG14000GF108991041071017501061001MA1999999100261MD1999999+0061REMSYN010 333 58006
0095821980999991993010818004-01717-045400FM-12+004499999V0203601N00621045001CN0100001N9+03061+02541100721ADDAA106000091AG14000GF106991041021017501061001MA1999999100211MD1999999-0051REMSYN010 333 59005
0095821980999991993010918004-01717-045400FM-12+004499999V0203601N00411015001CN0100001N9+02781+02441100911ADDAA106000091AG14000GF108991051051017501061001MA1999999100401MD1999999+0191REMSYN010 333 58019
0142821980999991993011000004-01717-045400FM-12+004499999V0203201N00261045001CN0100001N9+02441+02411101021ADDAA106000391AG10001AY151061AY221061GF108991041051017501011001KA1240M+02911MA1999999100581MD1999999+0021MW1021REMSYN022 333 10291 58002 69931
0142821980999991993011012004-01717-045400FM-12+004499999V0201801N00101015001CN0040001N9+02581+02551101251ADDAA124002091AG10006AY161061AY221061GF108991061071017501061001KA1240N+02411MA1999999100731MD1999999+0161MW1021REMSYN022 333 20241 58016 60024
0095821980999991993011018004-01717-045400FM-12+004499999V0203601N00511045001CN0100001N9+03071+02521100871ADDAA106000091AG14000GF108991041021017501061001MA1999999100361MD1999999-0021REMSYN010 333 59002
0120821980999991993011112004-01717-045400FM-12+004499999V0200501N00211105001CN0100001N9+02781+02621101191ADDAA124003091AG10000GF108991041071017501001091KA1240N+02361MA1999999100651MD1999999-0061REMSYN022 333 20236 59006 60034
0095821980999991993011118004-01717-045400FM-12+004499999V0203601N00571015001CN0100001N9+02941+02541100871ADDAA106000091AG14000GF108991051021017501061001MA1999999100361MD1999999+0001REMSYN010 333 58000
0142821980999991993011200004-01717-045400FM-12+004499999V0200901N00211015001CN0100001N9+02511+02431101041ADDAA106003091AG10006AY161061AY251061GF108991051071017501061001KA1240M+03161MA1999999100531MD1999999-0081MW1021REMSYN022 333 10316 59008 60031
0120821980999991993011212004-01717-045400FM-12+004499999V0203601N00411015001CN0100001N9+02721+02521101121ADDAA124003091AG10000GF108991061071017501061001KA1240N+02361MA1999999100611MD1999999-0061REMSYN022 333 20236 59006 60034
0095821980999991993011218004-01717-045400FM-12+004499999V0203601N00571045001CN0100001N9+03121+02481100771ADDAA106000091AG14000GF108991041021017501061001MA1999999100261MD1999999-0101REMSYN010 333 59010
0095821980999991993011220004-01717-045400FM-12+004499999V0203601N00571045001CN0100001N9+03121+02481100771ADDAA106000091AG14999GF108991041021017501061001MA1999999100261MD1999999-0101REMSYN010 333 59010
0114821980999991993011312004-01717-045400FM-12+004499999V0203601N00211015001CN0040001N9+02881+02661101091ADDAA106000091AG14000GF108991061051017501061001KA1240N+02571MA1999999100581MD1999999-0031REMSYN016 333 20257 59003
0095821980999991993011318004-01717-045400FM-12+004499999V0203601N00261015001CN0100001N9+03051+02591100811ADDAA106000091AG14000GF108991051021017501061001MA1999999100301MD1999999+0041REMSYN010 333 58004
0155821980999991993011412004-01717-045400FM-12+004499999V0201701N04992220001CN0033001N9+02591+02551101151ADDAA124001091AG10000GF102991999051002501011001KA1240N+02441MA1999999100641MD1999999+0061REMSYN022 333 20244 58006 60014EQDQ01+004993WOSPD Q02+000062SCOTLC
0134821980999991993011418004-01717-045400FM-12+004499999V0203601N00411015001CN0100001N9+02701+02501100871ADDAA106000791AA299001091AG10001AY151061AY221061GF108991051051017501061001MA1999999100361MD1999999+0061MW1021REMSYN016 333 58006 69971
0131821980999991993011512004-01717-045400FM-12+004499999V0203601N00361045001CN0100001N9+02911+02481101151ADDAA124000791AA299001091AG10000GF106991031021017501041011KA1240N+02511MA1999999100641MD1999999+0001REMSYN022 333 20251 58000 69974
0095821980999991993011518004-01717-045400FM-12+004499999V0203601N00571220001CN0100001N9+03141+02451100881ADDAA106000091AG14000GF103991031021017501001001MA1999999100371MD1999999+0011REMSYN010 333 58001
0114821980999991993011612004-01717-045400FM-12+004499999V0200901N00211045001CN0100001N9+02731+02501101251ADDAA106000091AG14000GF105991031021017501041011KA1240N+02221MA1999999100741MD1999999+0101REMSYN016 333 20222 58010
0123821980999991993011618004-01717-045400FM-12+004499999V0203601N00461015001CN0100001N9+02931+02411100951ADDAA106004091AG10006AY161061AY221061GF106991051021017501061001MA1999999100441MD1999999+0071MW1021REMSYN016 333 58007 60041
0130821980999991993011700004-01717-045400FM-12+004499999V0200501N00461220001CN0100001N9+02621+02411101281ADDAA106000091AG14000GA1001+999999999GF100991001001999999001001KA1240M+03011MA1999999100771MD1999999+0101REMSYN016 333 10301 58010
0142821980999991993011912004-01717-045400FM-12+004499999V0200901N00051045001CN0100001N9+02831+02621101141ADDAA124003091AG10006AY161061AY211061GF105991031021017501061001KA1240N+02371MA1999999100631MD1999999-0231MW1011REMSYN022 333 20237 59023 60034
0123821980999991993011918004-01717-045400FM-12+004499999V0203601N00311015001CN0100001N9+02731+02471100891ADDAA106002091AG10006AY161061AY211061GF108991061071017501011001MA1999999100381MD1999999-0181MW1031REMSYN016 333 59018 60021
0130821980999991993012100004-01717-045400FM-12+004499999V0203601N00261220001CN0100001N9+02631+02421100931ADDAA106000091AG14000GA1001+999999999GF100991001001999999001001KA1240M+03141MA1999999100421MD1999999-0101REMSYN016 333 10314 59010
0114821980999991993012112004-01717-045400FM-12+004499999V0200501N00461105001CN0100001N9+02861+02351101091ADDAA106000091AG14000GF105991021021017501041011KA1240N+02461MA1999999100581MD1999999-0051REMSYN016 333 20246 59005
0114821980999991993012212004-01717-045400FM-12+004499999V0200501N00511015001CN0100001N9+02851+02461101071ADDAA106000091AG14000GF105991051021017501001001KA1240N+02311MA1999999100561MD1999999-0021REMSYN016 333 20231 59002
0114821980999991993012312004-01717-045400FM-12+004499999V0200501N00261045001CN0100001N9+02871+02481101031ADDAA106000091AG14000GF105991031021017501031001KA1240N+02461MA1999999100521MD1999999-0041REMSYN016 333 20246 59004
0095821980999991993012318004-01717-045400FM-12+004499999V0200501N00511220001CN0100001N9+03201+02271100711ADDAA106000091AG14000GF103991031021017501001001MA1999999100201MD1999999-0041REMSYN010 333 59004
0114821980999991993012512004-01717-045400FM-12+004499999V0200501N00571015001CN0100001N9+02901+02271100951ADDAA106000091AG14000GF107991071021017501001001KA1240N+02481MA1999999100441MD1999999-0061REMSYN016 333 20248 59006
0095821980999991993012518004-01717-045400FM-12+004499999V0200501N00621015001CN0100001N9+03121+02281100731ADDAA106000091AG14000GF105991051021017501001001MA1999999100221MD1999999+0101REMSYN010 333 58010
0114821980999991993012612004-01717-045400FM-12+004499999V0200501N00461045001CN0100001N9+02831+02401101041ADDAA106000091AG14000GF106991041021017501061001KA1240N+02481MA1999999100531MD1999999+0091REMSYN016 333 20248 58009
0095821980999991993012618004-01717-045400FM-12+004499999V0200501N00101220001CN0100001N9+03231+02221100891ADDAA106000091AG14000GF103991031021017501001001MA1999999100381MD1999999+0161REMSYN010 333 58016
0114821980999991993012712004-01717-045400FM-12+004499999V0200501N00411045001CN0100001N9+02861+02421101071ADDAA106000091AG14000GF106991041021017501061001KA1240N+02491MA1999999100561MD1999999+0031REMSYN016 333 20249 58003
0095821980999991993012718004-01717-045400FM-12+004499999V0200501N00461045001CN0100001N9+03241+02421100871ADDAA106000091AG14000GF105991041021017501061001MA1999999100361MD1999999-0081REMSYN010 333 59008
0130821980999991993012800004-01717-045400FM-12+004499999V0200501N00211220001CN0100001N9+02601+02371101011ADDAA106000091AG14000GA1001+999999999GF100991001001999999001001KA1240M+03311MA1999999100501MD1999999+0071REMSYN016 333 10331 58007
0114821980999991993012812004-01717-045400FM-12+004499999V0200501N00311015001CN0100001N9+02921+02451101131ADDAA106000091AG14000GF105991051001017501031001KA1240N+02521MA1999999100621MD1999999+0061REMSYN016 333 20252 58006
0095821980999991993012818004-01717-045400FM-12+004499999V0203601N00211045001CN0100001N9+02961+02531100931ADDAA106000091AG14000GF106991041021017501061001MA1999999100421MD1999999+0061REMSYN010 333 58006
0114821980999991993012900004-01717-045400FM-12+004499999V0203601N00311015001CN0100001N9+02911+02561101231ADDAA106000091AG14000GF108991061071017501061001KA1240N+02591MA1999999100721MD1999999+0101REMSYN016 333 20259 58010
0095821980999991993012918004-01717-045400FM-12+004499999V0200501N00411015001CN0100001N9+03111+02461100921ADDAA106000091AG14000GF108991051021017501061001MA1999999100411MD1999999-0011REMSYN010 333 59001
0120821980999991993013012004-01717-045400FM-12+004499999V0203601N00311015001CN0100001N9+02791+02401101141ADDAA124003091AG10000GF105991051021017501001001KA1240N+02501MA1999999100631MD1999999-0091REMSYN022 333 20250 59009 60034
0123821980999991993013018004-01717-045400FM-12+004499999V0203601N00211045001CN0100001N9+02401+02371100921ADDAA106040091AG10006AY161061AY251061GF108991041051017501041001MA1999999100411MD1999999+0001MW1021REMSYN016 333 58000 60401
0120821980999991993020112004-01717-045400FM-12+004499999V0201401N00361015001CN0100001N9+02401+02301101081ADDAA124016091AG10000GF108991061051017501011001KA1240N+02181MA1999999100571MD1999999-0051REMSYN022 333 20218 59005 60164
0114821980999991993020212004-01717-045400FM-12+004499999V0200901N00101015001CN0100001N9+02741+02541101171ADDAA106000091AG14000GF108991051021017501031001KA1240N+02381MA1999999100651MD1999999+0081REMSYN016 333 20238 58008
0095821980999991993020218004-01717-045400FM-12+004499999V0200501N00621015001CN0100001N9+02781+02641100831ADDAA106000091AG14000GF108991051051017501071001MA1999999100321MD1999999+0011REMSYN010 333 58001
0114821980999991993020300004-01717-045400FM-12+004499999V0203601N00311015001CN0100001N9+02561+02471100961ADDAA106000091AG14000GF107991051011017501031001KA1240M+03091MA1999999100451MD1999999+0021REMSYN016 333 10309 58002
0142821980999991993020312004-01717-045400FM-12+004499999V0203601N00361045001CN0100001N9+02831+02681101121ADDAA124000391AG10006AY161061AY221061GF106991031011017501031011KA1240N+02431MA1999999100601MD1999999-0051MW1011REMSYN022 333 20243 59005 69934
0095821980999991993020318004-01717-045400FM-12+004499999V0203601N00461045001CN0100001N9+03001+02551100781ADDAA106000091AG14000GF106991041021017501061001MA1999999100271MD1999999-0051REMSYN010 333 59005
0130821980999991993020400004-01717-045400FM-12+004499999V0203601N00311220001CN0100001N9+02571+02421100951ADDAA106000091AG14000GA1001+999999999GF100991001001999999001001KA1240M+03011MA1999999100441MD1999999-0011REMSYN016 333 10301 59001
0114821980999991993020412004-01717-045400FM-12+004499999V0203601N00571015001CN0100001N9+02801+02441101101ADDAA106000091AG14000GF106991061021017501001001KA1240N+02461MA1999999100581MD1999999-0021REMSYN016 333 20246 59002
0095821980999991993020418004-01717-045400FM-12+004499999V0203601N00461015001CN0100001N9+03041+02481100811ADDAA106000091AG14000GF105991051021017501001001MA1999999100311MD1999999+0041REMSYN010 333 58004
0114821980999991993020500004-01717-045400FM-12+004499999V0203601N00361220001CN0100001N9+02631+02481101031ADDAA106000091AG14000GF104991021011017501031001KA1240M+03061MA1999999100521MD1999999+0081REMSYN016 333 10306 58008
0142821980999991993020512004-01717-045400FM-12+004499999V0200501N00361045001CN0100001N9+02821+02501101121ADDAA124001091AG10006AY161061AY251061GF107991041071017501061011KA1240N+02451MA1999999100611MD1999999+0301MW1031REMSYN022 333 20245 58030 60014
0123821980999991993020518004-01717-045400FM-12+004499999V0201501N00721045001CN0100001N9+03141+02381100791ADDAA106003091AG10006AY161061AY221061GF105991031021017501041041MA1999999100281MD1999999-0031MW1011REMSYN016 333 59003 60031
0120821980999991993020612004-01717-045400FM-12+004499999V0200501N00151220001CN0100001N9+02861+02581101101ADDAA124003091AG10000GF105991041021017501001041KA1240N+02381MA1999999100591MD1999999-0021REMSYN022 333 20238 59002 60034
0095821980999991993020618004-01717-045400FM-12+004499999V0203601N00311045001CN0100001N9+03141+02531100821ADDAA106000091AG14000GF106991041021017501061001MA1999999100311MD1999999+0031REMSYN010 333 58003
0120821980999991993020712004-01717-045400FM-12+004499999V0203601N00261045001CN0100001N9+02601+02461101261ADDAA124001091AG10000GF107991041061012501061001KA1240N+02281MA1999999101081MD1999999-0051REMSYN022 333 20228 59005 60014
0120821980999991993020800004-01717-045400FM-12+004499999V0200501N00411045001CN0100001N9+02771+02551101021ADDAA124002091AG10000GF107991041071017501061001KA1240N+02511MA1999999100511MD1999999-0041REMSYN022 333 20251 59004 60024
0095821980999991993020818004-01717-045400FM-12+004499999V0203601N00621045001CN0100001N9+03061+02541100781ADDAA106000091AG14000GF105991031021017501061001MA1999999100271MD1999999-0081REMSYN010 333 59008
0114821980999991993020912004-01717-045400FM-12+004499999V0203601N00461220001CN0100001N9+02881+02541101001ADDAA106000091AG14000GF104991041021017501001001KA1240N+02501MA1999999100491MD1999999-0021REMSYN016 333 20250 59002
0095821980999991993021018004-01717-045400FM-12+004499999V0200501N00671045001CN0100001N9+03061+02521100811ADDAA106000091AG14000GF105991041021017501061001MA1999999100301MD1999999-0091REMSYN010 333 59009
0120821980999991993021212004-01717-045400FM-12+004499999V0200501N00311015001CN0100001N9+02821+02461100961ADDAA124002091AG10000GF105991051021017501001001KA1240N+02501MA1999999100451MD1999999-0011REMSYN022 333 20250 59001 60024
0095821980999991993021218004-01717-045400FM-12+004499999V0203601N00621045001CN0100001N9+02781+02461100771ADDAA106000091AG14000GF108991041021017501071001MA1999999100261MD1999999+0141REMSYN010 333 58014
0114821980999991993021300004-01717-045400FM-12+004499999V0202301N00151045001CN0100001N9+02451+02361100891ADDAA106000091AG14000GF106991041071017501061001KA1240M+02991MA1999999100351MD1999999+0111REMSYN016 333 10299 58011
0142821980999991993021312004-01717-045400FM-12+004499999V0203201N00101015001CN0100001N9+02511+02451101031ADDAA124026091AG10006AY161061AY251061GF108991061071017501021001KA1240N+02391MA1999999100321MD1999999+0071MW1021REMSYN022 333 20239 58007 60264
0123821980999991993021318004-01717-045400FM-12+004499999V0203601N00411045001CN0020001N9+02631+02441100681ADDAA106010091AG10006AY161061AY251061GF108991041051017501021001MA1999999100981MD1999999+0081MW1621REMSYN016 333 58008 60101
0123821980999991993021418004-01717-045400FM-12+004499999V0200901N00411015001CN0020001N9+02341+02291100841ADDAA106002091AG10006AY161061AY251061GF108991061041017501021001MA1999999100331MD1999999+0151MW1021REMSYN016 333 58015 60021
0120821980999991993021512004-01717-045400FM-12+004499999V0201401N00051015001CN0100001N9+02811+02581100981ADDAA124006091AG10000GF107991051021017501041011KA1240N+02241MA1999999100471MD1999999-0051REMSYN022 333 20224 59005 60064
0095821980999991993021518004-01717-045400FM-12+004499999V0203601N00461015001CN0100001N9+02911+02521100641ADDAA106000091AG14000GF108991051021017501061001MA1999999100131MD1999999-0201REMSYN010 333 59020
0114821980999991993021612004-01717-045400FM-12+004499999V0203601N00361045001CN0100001N9+02821+02521100871ADDAA106000091AG14000GF106991031021017501031011KA1240N+02251MA1999999100361MD1999999-0111REMSYN016 333 20225 59011
0123821980999991993021618004-01717-045400FM-12+004499999V0203601N00511045001CN0100001N9+02721+02481100611ADDAA106001091AG10006AY161061AY221061GF108991041021017501061001MA1999999100101MD1999999-0031MW1021REMSYN016 333 59003 60011
0142821980999991993021700004-01717-045400FM-12+004499999V0200501N00361015001CN0100001N9+02371+02351100861ADDAA106022091AG10006AY161061AY261061GF108991051071017501021001KA1240M+03201MA1999999100351MD1999999+0071MW1021REMSYN022 333 10320 58007 60221
0120821980999991993021712004-01717-045400FM-12+004499999V0201801N00211015001CN0100001N9+02501+02381100931ADDAA124053091AG10000GF108991051051017501031011KA1240N+02251MA1999999100421MD1999999+0061REMSYN022 333 20225 58006 60534
0123821980999991993021718004-01717-045400FM-12+004499999V0200501N00101015001CN0100001N9+02491+02391100631ADDAA106008091AG10006AY161061AY221061GF108991051051017501041001MA1999999100121MD1999999+0021MW1021REMSYN016 333 58002 60081
0161821980999991993021812004-01717-045400FM-12+004499999V0200901N002619999999N0100001N9+02381+02351101021ADDAA124019091AG10006AY161061AY251061GF108991999071017501011001KA1240N+02191MA1999999100511MD1999999+0091MW1021REMSYN022 333 20219 58009 60194EQDQ01+000002SCOTLC
0114821980999991993021818004-01717-045400FM-12+004499999V0200501N00101220001CN0100001N9+02721+02241100801ADDAA106000091AG14000GF102991999051017501031999MA1999999100221MD1999999+0061REMSYN010 333 58006EQDQ01+000042SCOTLC
0114821980999991993021900004-01717-045400FM-12+004499999V0200501N00261015001CN0100001N9+02441+02351100941ADDAA106000091AG14000GF108991061071017501021001KA1240M+02801MA1999999100431MD1999999+0101REMSYN016 333 10280 58010
0142821980999991993021912004-01717-045400FM-12+004499999V0202701N00101045001CN0100001N9+02431+02371101161ADDAA124002091AG10006AY161061AY251061GF108991041011017501011011KA1240N+02261MA1999999100651MD1999999+0141MW1021REMSYN022 333 20226 58014 60024
0114821980999991993022112004-01717-045400FM-12+004499999V0203601N00411220001CN0100001N9+02811+02521101291ADDAA106000091AG14000GF104991021021017501011011KA1240N+02381MA1999999100781MD1999999+0051REMSYN016 333 20238 58005
0153821980999991993022212004-01717-045400FM-12+004499999V0203601N00261015001CN0100001N9+02791+02541101241ADDAA124000491AA299000591AG10006AY161061AY211061GF105991051011017501001001KA1240N+02421MA1999999100731MD1999999-0051MW1011REMSYN022 333 20242 59005 69944
0114821980999991993022312004-01717-045400FM-12+004499999V0203601N00261220001CN0100001N9+02811+02521101081ADDAA106000091AG14000GF103991031021017501001001KA1240N+02401MA1999999100571MD1999999-0161REMSYN016 333 20240 59016
0120821980999991993022412004-01717-045400FM-12+004499999V0202301N00051045001CN0100001N9+02681+02451101031ADDAA124001091AG10000GF106991041021017501061001KA1240N+02401MA1999999100521MD1999999-0051REMSYN022 333 20240 59005 60014
0123821980999991993022418004-01717-045400FM-12+004499999V0203601N00411015001CN0100001N9+02741+02431100641ADDAA106001091AG10001AY151061AY291061GF106991051021017501061001MA1999999100131MD1999999-0101MW1021REMSYN016 333 59010 60011
0142821980999991993022512004-01717-045400FM-12+004499999V0203601N00101015001CN0100001N9+02451+02391100981ADDAA124009091AG10006AY161061AY221061GF108991061071017501061001KA1240N+02321MA1999999100471MD1999999-0071MW1021REMSYN022 333 20232 59007 60094
0114821980999991993022518004-01717-045400FM-12+004499999V0203601N003619999999N0100001N9+03051+02521100591ADDAA106000091AG14000GF105991031021999999061001MA1999999100081MD1999999-0051REMSYN010 333 59005EQDQ01+000992SCOLCB
0142821980999991993022612004-01717-045400FM-12+004499999V0200501N00261015001CN0020001N9+02371+02351101151ADDAA124065091AG10006AY161061AY211061GF108991081001017501021999KA1240N+02261MA1999999100641MD1999999+0171MW1031REMSYN022 333 20226 58017 60654
0123821980999991993022618004-01717-045400FM-12+004499999V0202701N00101015001CN0100001N9+02481+02451100921ADDAA106023091AG10006AY161061AY251061GF108991051051017501041001MA1999999100411MD1999999+0331MW1021REMSYN016 333 58033 60231
0120821980999991993022712004-01717-045400FM-12+004499999V0203601N00211045001CN0100001N9+02721+02631101091ADDAA124023091AG10000GF105991031021017501061001KA1240N+02221MA1999999100571MD1999999-0071REMSYN022 333 20222 59007 60234
0123821980999991993022718004-01717-045400FM-12+004499999V0200501N00151015001CN0100001N9+02471+02391100831ADDAA106013091AG10006AY161061AY221061GF108991051051017501061001MA1999999100321MD1999999-0091MW1021REMSYN016 333 59009 60131
0080821980999991993022806004-01717-045400FM-12+004499999V0209991C00001220001CN0200001N9+02401+02361101091ADDAA106000091AG14000GF104991041001999999031001MD1999999+0041REMSYN010 333 58004
0114821980999991993030212004-01717-045400FM-12+004499999V0209991C00001015001CN0100001N9+02471+02431101041ADDAA106000091AG14000GF108991081001017501011001KA1240N+02371MA1999999100531MD1999999+0091REMSYN016 333 20237 58009
0123821980999991993030218004-01717-045400FM-12+004499999V0209991C00001015001CN0100001N9+02581+02511100781ADDAA106006091AG10006AY161061AY221061GF108991051051017501061001MA1999999100271MD1999999+0071MW1021REMSYN016 333 58007 60061
0142821980999991993030312004-01717-045400FM-12+004499999V0209991C00001105001CN0100001N9+02731+02601101131ADDAA124007091AG10006AY161061AY211061GF105991021051017501031041KA1240N+02451MA1999999100621MD1999999+0091MW1011REMSYN022 333 20245 58009 60074
0142821980999991993030412004-01717-045400FM-12+004499999V0209991C00001015001CN0100001N9+02831+02461101161ADDAA124016091AG10006AY161061AY211061GF105991051021017501001001KA1240N+02411MA1999999100641MD1999999+0021MW1021REMSYN022 333 20241 58002 60164
0142821980999991993030512004-01717-045400FM-12+004499999V0200501N00101045001CN0100001N9+02401+02351101131ADDAA124001091AG10006AY161061AY211061GF107991041021017501041001KA1240N+02361MA1999999100611MD1999999-0031MW1031REMSYN022 333 20236 59003 60014
0114821980999991993030900004-01717-045400FM-12+004499999V0200501N00211105001CN0100001N9+02531+02421101041ADDAA106000091AG14000GF105991021011017501031011KA1240M+03171MA1999999100531MD1999999-0101REMSYN016 333 10317 59010
0133821980999991993030912004-01717-045400FM-12+004499999V0203601N00361015001CN0100001N9+02871+02461101131ADDAA106000091AG14000GF106991999021017501001001KA1240N+02421MA1999999100621MD1999999-0081REMSYN016 333 20242 59008EQDQ01+000052SCOTLC
0114821980999991993031012004-01717-045400FM-12+004499999V0203601N00261105001CN0100001N9+02851+02501101161ADDAA106000091AG14000GF105991021021017501031011KA1240N+02491MA1999999100641MD1999999+0021REMSYN016 333 20249 58002
0120821980999991993031112004-01717-045400FM-12+004499999V0203601N00461220001CN0100001N9+02881+02501101191ADDAA124007091AG10000GF104991041011017501001001KA1240N+02501MA1999999100681MD1999999+0041REMSYN022 333 20250 58004 60074
0120821980999991993031212004-01717-045400FM-12+004499999V0203601N00511220001CN0100001N9+02941+02541101131ADDAA124001091AG10000GF103991031021017501001001KA1240N+02511MA1999999100621MD1999999-0061REMSYN022 333 20251 59006 60014
0095821980999991993031218004-01717-045400FM-12+004499999V0203601N00571045001CN0100001N9+03021+02501100871ADDAA106000091AG14000GF105991041021017501061001MA1999999100361MD1999999-0081REMSYN010 333 59008
0123821980999991993031318004-01717-045400FM-12+004499999V0200501N00261045001CN0100001N9+02711+02591100901ADDAA106009091AG10006AY161061AY221061GF108991041051017501041001MA1999999100391MD1999999+0031MW1021REMSYN016 333 58003 60091
0120821980999991993031412004-01717-045400FM-12+004499999V0200501N00411105001CN0100001N9+02851+02541101101ADDAA124011091AG10000GF106991021021017501031041KA1240N+02341MA1999999100591MD1999999-0081REMSYN022 333 20234 59008 60114
0120821980999991993031512004-01717-045400FM-12+004499999V0200501N00361015001CN0100001N9+02731+02541101031ADDAA124029091AG10000GF107991051021017501011041KA1240N+02491MA1999999100521MD1999999-0071REMSYN022 333 20249 59007 60294
0123821980999991993031518004-01717-045400FM-12+004499999V0203601N00361015001CN0100001N9+02781+02561100781ADDAA106006091AG10006AY161061AY221061GF108991081001017501021001MA1999999100271MD1999999-0141MW1621REMSYN016 333 59014 60061
0123821980999991993031618004-01717-045400FM-12+004499999V0200501N00101015001CN0100001N9+02421+02351100921ADDAA106010091AG10006AY161061AY251061GF108991061051017501041001MA1999999100411MD1999999+0141MW1021REMSYN016 333 58014 60101
0123821980999991993031718004-01717-045400FM-12+004499999V0200901N00101015001CN0100001N9+02561+02461100871ADDAA106014091AG10006AY161061AY221061GF108991051051017501041001MA1999999100361MD1999999-0051MW1021REMSYN016 333 59005 60141
0114821980999991993031900004-01717-045400FM-12+004499999V0200501N00151015001CN0100001N9+02521+02361101081ADDAA106000091AG14000GF105991051011017501001001KA1240M+03061MA1999999100561MD1999999+0091REMSYN016 333 10306 58009
0114821980999991993031912004-01717-045400FM-12+004499999V0203601N00361045001CN0100001N9+02841+02561101181ADDAA106000091AG14000GF105991031021017501031011KA1240N+02491MA1999999100661MD1999999-0051REMSYN016 333 20249 59005
0131821980999991993032112004-01717-045400FM-12+004499999V0200501N00051045001CN0100001N9+02661+02561101181ADDAA124000891AA299001091AG10000GF106991031021017501031041KA1240N+02281MA1999999100661MD1999999-0141REMSYN022 333 20228 59014 69984
0123821980999991993032118004-01717-045400FM-12+004499999V0203601N00461015001CN0100001N9+02471+02321100921ADDAA106009091AG10006AY161061AY221061GF108991051051017501041001MA1999999100411MD1999999-0171MW1021REMSYN016 333 59017 60091
0120821980999991993032212004-01717-045400FM-12+004499999V0203601N00261105001CN0100001N9+02831+02521101191ADDAA124009091AG10000GF105991021021017501031011KA1240N+02331MA1999999100671MD1999999+0011REMSYN022 333 20233 58001 60094
0095821980999991993032218004-01717-045400FM-12+004499999V0203601N00671220001CN0100001N9+03091+02521100851ADDAA106000091AG14000GF104991041021017501001001MA1999999100341MD1999999-0071REMSYN010 333 59007
0123821980999991993032318004-01717-045400FM-12+004499999V0203601N00511015001CN0100001N9+02911+02521100791ADDAA106006091AG10006AY161061AY221061GF108991051021017501061001MA1999999100281MD1999999-0061MW1021REMSYN016 333 59006 60061
0142821980999991993032412004-01717-045400FM-12+004499999V0203601N00211015001CN0100001N9+02571+02441101141ADDAA124008091AG13000AY121061AY251061GF108991061071017501061001KA1240N+02371MA1999999100621MD1999999-0021MW1021REMSYN022 333 20237 59002 60084
0142821980999991993032512004-01717-045400FM-12+004499999V0202301N00151015001CN0100001N9+02431+02411101141ADDAA124044091AG10006AY161061AY251061GF108991061011017501011001KA1240N+02361MA1999999100621MD1999999+0001MW1031REMSYN022 333 20236 58000 60444
0095821980999991993032518004-01717-045400FM-12+004499999V0203601N00261015001CN0100001N9+02781+02561100761ADDAA106000091AG14000GF108991051021017501061001MA1999999100251MD1999999+0041REMSYN010 333 58004
0114821980999991993032612004-01717-045400FM-12+004499999V0202701N00101045001CN0100001N9+02611+02511101101ADDAA106000091AG14000GF106991041021017501051001KA1240N+02311MA1999999100581MD1999999-0041REMSYN016 333 20231 59004
0123821980999991993032618004-01717-045400FM-12+004499999V0203601N00361045001CN0100001N9+02801+02581100741ADDAA106007091AG10006AY161061AY221061GF108991031021017501041001MA1999999100231MD1999999-0021MW1021REMSYN016 333 59002 60071
0142821980999991993032700004-01717-045400FM-12+004499999V0200501N00261015001CN0100001N9+02461+02391101041ADDAA106006091AG10006AY161061AY251061GF108991061071017501021001KA1240M+03091MA1999999100521MD1999999-0011MW1021REMSYN022 333 10309 59001 60061
0142821980999991993032712004-01717-045400FM-12+004499999V0202701N00101015001CN0100001N9+02421+02391101051ADDAA124014091AG10006AY161061AY221061GF108991061071017501011001KA1240N+02321MA1999999100531MD1999999-0051MW1021REMSYN022 333 20232 59005 60144
0142821980999991993032912004-01717-045400FM-12+004499999V0200501N00151015001CN0100001N9+02571+02391101161ADDAA124002091AG10006AY161061AY241061GF108991061051017501011001KA1240N+02301MA1999999100641MD1999999+0131MW1021REMSYN022 333 20230 58013 60024
0095821980999991993032918004-01717-045400FM-12+004499999V0203601N00511045001CN0100001N9+02801+02441100731ADDAA106000091AG14000GF106991041021017501061001MA1999999100221MD1999999-0041REMSYN010 333 59004
0142821980999991993033012004-01717-045400FM-12+004499999V0209991C00001045001CN0100001N9+02481+02471101191ADDAA124012091AG10006AY161061AY221061GF107991041071017501061001KA1240N+02281MA1999999100671MD1999999-0031MW1021REMSYN022 333 20228 59003 60124
0120821980999991993033112004-01717-045400FM-12+004499999V0202401N00151220001CN0100001N9+02711+02561101111ADDAA124004091AG10000GF103991031021017501001001KA1240N+02311MA1999999100591MD1999999-0081REMSYN022 333 20231 59008 60044
0123821980999991993033118004-01717-045400FM-12+004499999V0203601N00261045001CN0100001N9+02761+02561100771ADDAA106012091AG10006AY161061AY221061GF106991041021017501061001MA1999999100161MD1999999-0151MW1021REMSYN016 333 59015 60121
0120821980999991993040112004-01717-045400FM-12+004499999V0203601N00361045001CN0100001N9+02911+02561101071ADDAA124012091AG10000GF107991031021017501041091KA1240N+02351MA1999999100551MD1999999-0041REMSYN022 333 20235 59004 60124
0123821980999991993040118004-01717-045400FM-12+004499999V0203601N00361015001CN0100001N9+02821+02561100721ADDAA106005091AG10006AY161061AY221061GF108991051021017501041001MA1999999100211MD1999999+0051MW1021REMSYN016 333 58005 60051
0142821980999991993040212004-01717-045400FM-12+004499999V0203601N00261045001CN0100001N9+02761+02601101021ADDAA124006091AG10006AY161061AY251061GF106991031021017501041011KA1240N+02381MA1999999100501MD1999999-0051MW1031REMSYN022 333 20238 59005 60064
0123821980999991993040218004-01717-045400FM-12+004499999V0203601N00361045001CN0100001N9+02681+02501100651ADDAA106002091AG10006AY161061AY221061GF108991031021017501061001MA1999999100141MD1999999-0071MW1021REMSYN016 333 59007 60021
0123821980999991993040318004-01717-045400FM-12+004499999V0203601N00511045001CN0100001N9+02911+02501100521ADDAA106000391AG10001AY151061AY221061GF105991031021008001061001MA1999999100011MD1999999-0131MW1021REMSYN016 333 59013 69931
0114821980999991993040600004-01717-045400FM-12+004499999V0200501N00311015001CN0100001N9+02641+02481100871ADDAA106000091AG14000GF108991051011017501011001KA1240M+03201MA1999999100351MD1999999+0051REMSYN016 333 10320 58005
0095821980999991993040618004-01717-045400FM-12+004499999V0200501N00821015001CN0100001N9+03141+02301100571ADDAA106000091AG14000GF105991051021017501001001MA1999999100061MD1999999+0001REMSYN010 333 58000
0133821980999991993040712004-01717-045400FM-12+004499999V0200501N003619999999N0100001N9+02981+02601100841ADDAA106000091AG14000GF105991021021999999041011KA1240N+02511MA1999999100321MD1999999-0091REMSYN016 333 20251 59009EQDQ01+000992SCOLCB
0095821980999991993040718004-01717-045400FM-12+004499999V0200501N00721220001CN0100001N9+03171+02411100591ADDAA106000091AG14000GF105991041021017501001011MA1999999100081MD1999999+0021REMSYN010 333 58002
0114821980999991993040800004-01717-045400FM-12+004499999V0203601N00211105001CN0100001N9+02701+02501100731ADDAA106000091AG14000GF105991021011017501031011KA1240M+03251MA1999999100211MD1999999+0031REMSYN016 333 10325 58003
0114821980999991993040812004-01717-045400FM-12+004499999V0200501N00461045001CN0100001N9+02971+02601100921ADDAA106000091AG14000GF106991021021017501041001KA1240N+02521MA1999999100401MD1999999+0081REMSYN016 333 20252 58008
0120821980999991993040912004-01717-045400FM-12+004499999V0200501N00211045001CN0100001N9+02821+02561100951ADDAA124013091AG10000GF107991041071017501061001KA1240N+02321MA1999999100431MD1999999+0031REMSYN022 333 20232 58003 60134
0153821980999991993041100004-01717-045400FM-12+004499999V0200501N00211220001CN0100001N9+02611+02521101051ADDAA106000691AA299000591AG10006AY161061AY211061GF102991021011017501001001KA1240M+02951MA1999999100531MD1999999+0041MW1011REMSYN022 333 10295 58004 69961
0120821980999991993041112004-01717-045400FM-12+004499999V0200501N00211105001CN0100001N9+02841+02581101061ADDAA124001091AG10000GF105991021021017501031011KA1240N+02321MA1999999100291MD1999999-0081REMSYN022 333 20232 59008 60014
0123821980999991993041218004-01717-045400FM-12+004499999V0200501N00361015001CN0100001N9+02801+02541100791ADDAA106005091AG10006AY161061AY291061GF108991051021017501041001MA1999999100281MD1999999-0071MW1021REMSYN016 333 59007 60051
0120821980999991993041312004-01717-045400FM-12+004499999V0200501N00461045001CN0100001N9+02831+02501100991ADDAA124005091AG10000GF106991041021017501051001KA1240N+02431MA1999999100481MD1999999-0131REMSYN022 333 20243 59013 60054
0095821980999991993041318004-01717-045400FM-12+004499999V0200501N00411015001CN0100001N9+03191+02471100671ADDAA106000091AG14000GF105991051021017501001001MA1999999100161MD1999999+0121REMSYN010 333 58012
0114821980999991993041412004-01717-045400FM-12+004499999V0200501N00571045001CN0100001N9+02841+02521100871ADDAA106000091AG14000GF105991031021017501061001KA1240N+02421MA1999999100361MD1999999-0121REMSYN016 333 20242 59012
0123821980999991993041518004-01717-045400FM-12+004499999V0200501N00511045001CN0100001N9+02841+02501100811ADDAA106004091AG10006AY161061AY221061GF108991041021017501061001MA1999999100301MD1999999+0191MW1021REMSYN016 333 58019 60041
0142821980999991993041612004-01717-045400FM-12+004499999V0200501N00211045001CN0100001N9+02631+02531101171ADDAA124009091AG10006AY161061AY221061GF106991031021017501061001KA1240N+02451MA1999999100661MD1999999+0051MW1021REMSYN022 333 20245 58005 60094
0123821980999991993041618004-01717-045400FM-12+004499999V0200501N00261015001CN0100001N9+02701+02501100851ADDAA106017091AG10006AY161061AY221061GF108991051021017501041001MA1999999100341MD1999999+0041MW1021REMSYN016 333 58004 60171
0142821980999991993041712004-01717-045400FM-12+004499999V0201801N00051045001CN0100001N9+02661+02521101171ADDAA124022091AG10006AY161061AY221061GF108991031021008001041011KA1240N+02331MA1999999100661MD1999999+0001MW1021REMSYN022 333 20233 58000 60224
0142821980999991993041812004-01717-045400FM-12+004499999V0200501N00151220001CN0100001N9+02741+02561100991ADDAA124077091AG10006AY161061AY221061GF102991021001017501061001KA1240N+02301MA1999999100481MD1999999-0181MW1021REMSYN022 333 20230 59018 60774
0095821980999991993041818004-01717-045400FM-12+004499999V0203601N00511045001CN0100001N9+02931+02501101591ADDAA106000091AG14000GF105991031021017501061001MA1999999100081MD1999999-0261REMSYN010 333 59026
0120821980999991993042112004-01717-045400FM-12+004499999V0200501N00311045001CN0100001N9+02921+02501101171ADDAA124001091AG10000GF105991031021017501031001KA1240N+02431MA1999999100661MD1999999+0111REMSYN022 333 20243 58011 60014
0114821980999991993042118004-01717-045400FM-12+004499999V0203601N001019999999N0100001N9+03041+02501100861ADDAA106000091AG14000GF108991999021017501001001MA1999999100311MD1999999+0061REMSYN010 333 58006EQDQ01+000042SCOTLC
0142821980999991993042200004-01717-045400FM-12+004499999V0200501N00261015001CN0100001N9+02521+02421101021ADDAA106033091AG10006AY161061AY221061GF105991051001017501061001KA1240M+03121MA1999999100511MD1999999-0071MW1021REMSYN022 333 10312 59007 60331
0120821980999991993042212004-01717-045400FM-12+004499999V0203601N00361015001CN0100001N9+02881+02521101151ADDAA124033091AG10000GF105991051021017501001001KA1240N+02701MA1999999100641MD1999999-0021REMSYN022 333 20270 59002 60334
0120821980999991993042312004-01717-045400FM-12+004499999V0200501N00311045001CN0100001N9+02761+02541101131ADDAA124006091AG10000GF105991031021008001061001KA1240N+02361MA1999999100621MD1999999-0021REMSYN022 333 20236 59002 60064
0123821980999991993042318004-01717-045400FM-12+004499999V0203601N00211015001CN0100001N9+02861+02601100731ADDAA106009091AG10006AY161061AY221061GF108991051021017501061001MA1999999100211MD1999999-0101MW1021REMSYN016 333 59010 60091
0120821980999991993042412004-01717-045400FM-12+004499999V0200501N00361045001CN0100001N9+02801+02541101041ADDAA124011091AG10000GF108991041021017501031001KA1240N+02401MA1999999100531MD1999999-0091REMSYN022 333 20240 59009 60114
0095821980999991993042418004-01717-045400FM-12+004499999V0203601N00361015001CN0100001N9+02881+02541100711ADDAA106000091AG14000GF108991051021017501061001MA1999999100201MD1999999-0011REMSYN010 333 59001
0120821980999991993042512004-01717-045400FM-12+004499999V0200501N00261015001CN0100001N9+02801+02541101071ADDAA124017091AG10000GF105991051021017501001001KA1240N+02461MA1999999100561MD1999999+0031REMSYN022 333 20246 58003 60174
0114821980999991993042612004-01717-045400FM-12+004499999V0200501N00311045001CN0100001N9+02801+02581101031ADDAA106000091AG14000GF106991041021017501061001KA1240N+02431MA1999999100521MD1999999-0041REMSYN016 333 20243 59004
0123821980999991993042618004-01717-045400FM-12+004499999V0203601N00411015001CN0100001N9+02941+02541100581ADDAA106001091AG10001AY151061AY221061GF106991051021017501061001MA1999999100071MD1999999-0151MW1021REMSYN016 333 59015 60011
0142821980999991993042712004-01717-045400FM-12+004499999V0200501N00361015001CN0100001N9+02681+02581101021ADDAA124002091AG10006AY161061AY221061GF105991051001017501061001KA1240N+02371MA1999999100511MD1999999-0011MW1021REMSYN022 333 20237 59001 60024
0123821980999991993042718004-01717-045400FM-12+004499999V0200501N00261015001CN0100001N9+02801+02581100671ADDAA106018091AG10006AY161061AY291061GF108991051051017501041001MA1999999100161MD1999999+0091MW1021REMSYN016 333 58009 60181
0120821980999991993042812004-01717-045400FM-12+004499999V0200501N00361045001CN0100001N9+02591+99999101031ADDAA124018091AG10000GF106991031021017501031001KA1240N+02361MA1999999100521MD1999999+0011REMSYN022 333 20236 58001 60184
0123821980999991993042818004-01717-045400FM-12+004499999V0200501N00621220001CN0100001N9+03011+02511100671ADDAA106002091AG10006AY161061AY221061GF103991031021017501001001MA1999999100161MD1999999+0001MW1021REMSYN016 333 58000 60021
0136821980999991993042819004-01717-045400FM-12+004499999V0200501N00621220001CN0100001N9+03011+02511100671ADDAA106002091AG10999GF103991031021017501001001MA1999999100161MD1010672+0001REMSYN016 333 58000 60021EQDQ01+999990APOSLPQ02+000672APC3  
0120821980999991993042912004-01717-045400FM-12+004499999V0200501N00151045001CN0020001N9+02781+02601101001ADDAA124002091AG10000GF105991031021017501061001KA1240N+02321MA1999999100491MD1999999-0031REMSYN022 333 20232 59003 60024
0142821980999991993042918004-01717-045400FM-12+004499999V0202701N001019999999N0100001N9+02671+02461100631ADDAA106006091AG10006AY161061AY221061GF108991999021017501001001MA1999999100121MD1999999-0041MW1061REMSYN016 333 59004 60061EQDQ01+000042SCOTLC
0123821980999991993050218004-01717-045400FM-12+004499999V0200501N00151015001CN0100001N9+02631+02521100771ADDAA106002091AG10005AY161061AY291061GF108991051051017501061001MA1999999100261MD1999999-0051MW1021REMSYN016 333 59005 60021
0142821980999991993050312004-01717-045400FM-12+004499999V0200501N00211045001CN0100001N9+02791+02621101081ADDAA124007091AG10005AY161061AY221061GF107991041021017501061001KA1240N+02371MA1999999100561MD1999999-0021MW1021REMSYN022 333 20237 59002 60074
0123821980999991993050318004-01717-045400FM-12+004499999V0203601N00361045001CN0100001N9+02751+02521100791ADDAA106001091AG10005AY161061AY221061GF108991041021017501041001MA1999999100281MD1999999+0021MW1021REMSYN016 333 58002 60011
0120821980999991993050412004-01717-045400FM-12+004499999V0203601N00311220001CN0100001N9+02851+02581100961ADDAA124003091AG10000GF104991041011017501001001KA1240N+02401MA1999999100441MD1999999-0121REMSYN022 333 20240 59012 60034
0123821980999991993050418004-01717-045400FM-12+004499999V0203601N00311220001CN0100001N9+02971+02581100631ADDAA106002091AG10005AY161061AY221061GF105991041021017501001011MA1999999100121MD1999999-0161MW1021REMSYN016 333 59016 60021
0120821980999991993050512004-01717-045400FM-12+004499999V0200501N00361015001CN0100001N9+02911+02521101101ADDAA124002091AG10000GF105991051021017501001001KA1240N+02341MA1999999100581MD1999999+0141REMSYN022 333 20234 58014 60024
0142821980999991993050612004-01717-045400FM-12+004499999V0200501N00361045001CN0100001N9+02911+02621101031ADDAA124001091AG10005AY161061AY211061GF107991031021017501061001KA1240N+02381MA1999999100511MD1999999-0071MW1031REMSYN022 333 20238 59007 60014
0095821980999991993050618004-01717-045400FM-12+004499999V0200501N00671015001CN0100001N9+03001+02551100631ADDAA106000091AG14000GF108991051021017501061001MA1999999100121MD1999999-0091REMSYN010 333 59009
0114821980999991993050712004-01717-045400FM-12+004499999V0200501N00621220001CN0100001N9+02941+02491100881ADDAA106000091AG14000GF104991041011017501001001KA1240N+02491MA1999999100371MD1999999-0141REMSYN016 333 20249 59014
0095821980999991993050718004-01717-045400FM-12+004499999V0200501N00571015001CN0100001N9+03201+02461100571ADDAA106000091AG14000GF105991051021017501001001MA1999999100061MD1999999-0061REMSYN010 333 59006
0114821980999991993050812004-01717-045400FM-12+004499999V0200501N00411105001CN0100001N9+02791+02601100941ADDAA106000091AG14000GF105991021021017501041011KA1240N+02461MA1999999100431MD1999999+0061REMSYN016 333 20246 58006
0142821980999991993050900004-01717-045400FM-12+004499999V0202301N00101045001CN0100001N9+02571+02491100941ADDAA106004091AG10005AY161061AY221061GF105991031011017501041001KA1240M+03201MA1999999100421MD1999999+0221MW1011REMSYN022 333 10320 58022 60041
0120821980999991993050912004-01717-045400FM-12+004499999V0200501N00261045001CN0100001N9+02821+02541100841ADDAA124014091AG10000GF107991041021017501061011KA1240N+02451MA1999999100321MD1999999-0111REMSYN022 333 20245 59011 60144
0123821980999991993051018004-01717-045400FM-12+004499999V0203201N00151015001CN0100001N9+02821+02621100511ADDAA106010091AG10005AY161061AY291061GF108991051051017501021001MA1999999100001MD1999999+0061MW1021REMSYN016 333 58006 60101
0142821980999991993051112004-01717-045400FM-12+004499999V0201401N00151015001CN0100001N9+02711+02611100831ADDAA124051091AG10005AY161061AY221061GF108991051071017501021001KA1240N+02391MA1999999100311MD1999999+0011MW1911REMSYN022 333 20239 58001 60514
0123821980999991993051118004-01717-045400FM-12+004499999V0200501N00151015001CN0100001N9+02591+02531100581ADDAA106015091AG10005AY161061AY221061GF108991051071017501041001MA1999999100771MD1999999+0071MW1021REMSYN016 333 58007 60151
0114821980999991993051200004-01717-045400FM-12+004499999V0200501N00151045001CN0100001N9+02541+02511100831ADDAA106000091AG14000GF106991041011017501061001KA1240M+03001MA1999999100311MD1999999+0091REMSYN016 333 10300 58009
0120821980999991993051212004-01717-045400FM-12+004499999V0200501N00461015001CN0100001N9+02811+02621100891ADDAA124015091AG10000GF105991051021017501001001KA1240N+02451MA1999999100371MD1999999+0061REMSYN022 333 20245 58006 60154
0095821980999991993051218004-01717-045400FM-12+004499999V0203601N00461220001CN0100001N9+03211+02511100591ADDAA106000091AG14000GF104991041021004501001001MA1999999100081MD1999999+0011REMSYN010 333 58001
0130821980999991993091500004-01717-045400FM-12+004499999V0200501N00361220001CN0100001N9+02571+02401100971ADDAA106000091AG14000GA1001+999999999GF100991001001999999001001KA1240M+03111MA1999999100461MD1999999-0011REMSYN016 333 10311 59001
0133821980999991993091512004-01717-045400FM-12+004499999V0200901N00621015001CN0100001N9+02821+02421101171ADDAA106000091AG14000GF106991999021017501001001KA1240N+02421MA1999999100651MD1999999+0091REMSYN016 333 20242 58009EQDQ01+000052SCOTLC
0114821980999991993091612004-01717-045400FM-12+004499999V0200901N00151015001CN0100001N9+02821+02381101181ADDAA106000091AG14000GF105991051021017501001001KA1240N+02321MA1999999100661MD1999999+0011REMSYN016 333 20232 58001
0114821980999991993091712004-01717-045400FM-12+004499999V0200501N00621015001CN0100001N9+02811+02401101121ADDAA106000091AG14000GF105991051021017501001001KA1240N+02401MA1999999100611MD1999999-0051REMSYN016 333 20240 59005
0130821980999991993091800004-01717-045400FM-12+004499999V0200501N00411220001CN0100001N9+02591+02391100991ADDAA106000091AG14000GA1001+999999999GF100991001001999999001001KA1240M+03111MA1999999100471MD1999999-0071REMSYN016 333 10311 59007
0114821980999991993091812004-01717-045400FM-12+004499999V0200501N00461015001CN0100001N9+02741+02121101081ADDAA106000091AG14000GF105991051021017501001001KA1240N+02411MA1999999100561MD1999999-0061REMSYN016 333 20241 59006
0114821980999991993091912004-01717-045400FM-12+004499999V0200501N00411015001CN0100001N9+02881+02481101191ADDAA106000091AG14000GF105991051021017501001001KA1240N+02321MA1999999100671MD1999999+0111REMSYN016 333 20232 58011
0114821980999991993092012004-01717-045400FM-12+004499999V0200501N00261220001CN0100001N9+02681+02411101091ADDAA106000091AG14000GF104991041011017501001001KA1240N+02211MA1999999100571MD1999999+0021REMSYN016 333 20221 58002
0114821980999991993092200004-01717-045400FM-12+004499999V0203601N00101220001CN0100001N9+02981+02331100981ADDAA106000091AG14000GF102991999999999999999999KA1240M+03221MA1999999100471MD1999999+0051REMSYN016 333 10322 58005
0133821980999991993092712004-01717-045400FM-12+004499999V0200501N00411220001CN0100001N9+02931+02481101231ADDAA106000091AG14000GF103991999011017501001001KA1240N+02321MA1999999100711MD1999999-0161REMSYN016 333 20232 59016EQDQ01+000012SCOTLC
0099821980999991993100112004-01717-045400FM-12+004499999V0200501N00411015001CN0100001N9+02901+02341999999ADDAA106000091AG14000GF106991061021017501001001KA1240N+02451MD1999999-0041REMSYN016 333 20245 59004
0114821980999991993100212004-01717-045400FM-12+004499999V0200901N00361015001CN0100001N9+02981+02421101171ADDAA106000091AG14000GF105991051021017501001001KA1240N+02411MA1999999100651MD1999999+0061REMSYN016 333 20241 58006
0114821980999991993100412004-01717-045400FM-12+004499999V0200501N00571220001CN0100001N9+02801+02361101161ADDAA106000091AG14000GF104991041011017501001001KA1240N+02491MA1999999100651MD1999999-0101REMSYN016 333 20249 59010
0114821980999991993100512004-01717-045400FM-12+004499999V0200501N00411015001CN0100001N9+02841+02461101331ADDAA106000091AG14000GF105991051021017501001001KA1240N+02411MA1999999100801MD1999999+0151REMSYN016 333 20241 58015
0114821980999991993100612004-01717-045400FM-12+004499999V0200501N00511220001CN0100001N9+02881+02371101331ADDAA106000091AG14000GF104991041011017501001001KA1240N+02401MA1999999100821MD1999999+0021REMSYN016 333 20240 58002
0130821980999991993100800004-01717-045400FM-12+004499999V0200501N00311220001CN0100001N9+02571+02351101011ADDAA106000091AG14000GA1001+999999999GF100991001001999999001001KA1240M+03301MA1999999100501MD1999999-0111REMSYN016 333 10330 59011
0114821980999991993100812004-01717-045400FM-12+004499999V0200501N00671015001CN0009001N9+02991+02421101221ADDAA106000091AG14000GF105991051021017501001001KA1240N+02401MA1999999100701MD1999999-0061REMSYN016 333 20240 59006
0114821980999991993101112004-01717-045400FM-12+004499999V0200501N00571015001CN0100001N9+02811+02301101261ADDAA106000091AG14000GF105991051021017501001001KA1240N+02381MA1999999100751MD1999999-0011REMSYN016 333 20238 59001
0130821980999991993101200004-01717-045400FM-12+004499999V0200501N00461220001CN0100001N9+02631+02351101061ADDAA106000091AG14000GA1001+999999999GF100991001001999999001001KA1240M+03301MA1999999100551MD1999999+0001REMSYN016 333 10330 58000
0114821980999991993101212004-01717-045400FM-12+004499999V0200501N00621015001CN0100001N9+02931+02341101211ADDAA106000091AG14000GF105991051021017501001001KA1240N+02351MA1999999100701MD1999999-0051REMSYN016 333 20235 59005
0114821980999991993101310004-01717-045400FM-12+004499999V0200501N00361015001CN0100001N9+02641+02351100961ADDAA106000091AG14999GF105991051001017501061001KA1240M+03301MA1999999100451MD1999999-0101REMSYN016 333 10330 59010
0114821980999991993101312004-01717-045400FM-12+004499999V0200501N00511220001CN0100001N9+02741+02401101171ADDAA106000091AG14000GF104991041021017501001001KA1240N+02501MA1999999100671MD1999999-0031REMSYN016 333 20250 59003
0095821980999991993101318004-01717-045400FM-12+004499999V0200501N00671015001CN0100001N9+03161+02371100871ADDAA106000091AG14000GF105991051021017501001001MA1999999100361MD1999999-0081REMSYN010 333 59008
0130821980999991993101412004-01717-045400FM-12+004499999V0200501N00311220001CN0100001N9+02631+02371101051ADDAA106000091AG14000GA1001+999999999GF100991001001999999001001KA1240M+03251MA1999999100541MD1999999+0091REMSYN016 333 10325 58009
0114821980999991993101512004-01717-045400FM-12+004499999V0200501N00311015001CN0100001N9+02911+02301101181ADDAA106000091AG14000GF105991051021017501001001KA1240N+02481MA1999999100661MD1999999+0011REMSYN016 333 20248 58001
0123821980999991993101518004-01717-045400FM-12+004499999V0203601N00411045001CN0100001N9+02861+02521100771ADDAA106005091AG10006AY161061AY221061GF105991031021017501061001MA1999999100261MD1999999+0001MW1021REMSYN016 333 58000 60051
0120821980999991993102112004-01717-045400FM-12+004499999V0200501N00311045001CN0100001N9+02871+02411101001ADDAA124002091AG10000GF106991031021017501061001KA1240N+02511MA1999999100491MD1999999+0101REMSYN022 333 20251 58010 60024
0114821980999991993102800004-01717-045400FM-12+004499999V0200501N00411105001CN0100001N9+02631+02481100871ADDAA106000091AG14000GF105991021011017501031011KA1240M+03311MA1999999100351MD1999999-0151REMSYN016 333 10331 59015
0114821980999991993102812004-01717-045400FM-12+004499999V0200501N00461015001CN0100001N9+03031+02461101201ADDAA106000091AG14000GF105991051021017501001001KA1240N+02551MA1999999100691MD1999999+0051REMSYN016 333 20255 58005
0130821980999991993102900004-01717-045400FM-12+004499999V0200501N00361220001CN0100001N9+02601+02391101001ADDAA106000091AG14000GA1001+999999999GF100991001001999999001001KA1240M+03211MA1999999100491MD1999999+0141REMSYN016 333 10321 58014
0114821980999991993110412004-01717-045400FM-12+004499999V0200501N00511015001CN0100001N9+02911+02481101151ADDAA106000091AG14000GF105991051021017501001001KA1240N+02461MA1999999100641MD1999999-0091REMSYN016 333 20246 59009
0114821980999991993110512004-01717-045400FM-12+004499999V0200501N00361015001CN0100001N9+02911+02341101071ADDAA106000091AG14000GF105991051021017501001001KA1240N+02471MA1999999100561MD1999999-0081REMSYN016 333 20247 59008
0114821980999991993111012004-01717-045400FM-12+004499999V0200901N00461045001CN0100001N9+02931+02321100851ADDAA106000091AG14000GF106991031021017501061001KA1240N+02331MA1999999100331MD1999999-0121REMSYN016 333 20233 59012
0114821980999991993111212004-01717-045400FM-12+004499999V0200501N00571045001CN0100001N9+02901+02271101011ADDAA106000091AG14000GF107991041021017501061001KA1240N+02561MA1999999100511MD1999999+0111REMSYN016 333 20256 58011
0130821980999991993111300004-01717-045400FM-12+004499999V0200901N00311220001CN0100001N9+02621+02441100901ADDAA106000091AG14000GA1001+999999999GF100991001001999999001001KA1240M+03201MA1999999100381MD1999999+0021REMSYN016 333 10320 58002
0114821980999991993111312004-01717-045400FM-12+004499999V0200501N00461015001CN0100001N9+02911+02341100981ADDAA106000091AG14000GF105991051021017501001001KA1240N+02481MA1999999100471MD1999999-0041REMSYN016 333 20248 59004
0114821980999991993111512004-01717-045400FM-12+004499999V0200901N00511015001CN0100001N9+02921+02361100731ADDAA106000091AG14000GF105991051021017501001001KA1240N+02541MA1999999100221MD1999999-0071REMSYN016 333 20254 59007
0095821980999991993111518004-01717-045400FM-12+004499999V0200501N00621015001CN0100001N9+03081+02291100471ADDAA106000091AG14000GF105991051021017501001001MA1999999099961MD1999999+0051REMSYN010 333 58005
0130821980999991993111600004-01717-045400FM-12+004499999V0200501N00261220001CN0100001N9+02631+02411100621ADDAA106000091AG14000GA1001+999999999GF100991001001999999001001KA1240M+03121MA1999999100111MD1999999+0111REMSYN016 333 10312 58011
0130821980999991993111700004-01717-045400FM-12+004499999V0200501N00311220001CN0100001N9+02651+02561100801ADDAA106000091AG14000GA1001+999999999GF100991001001999999001001KA1240M+03191MA1999999100491MD1999999+0181REMSYN016 333 10319 58018
0114821980999991993111912004-01717-045400FM-12+004499999V0200501N00311015001CN0100001N9+02961+02341100831ADDAA106000091AG14000GF105991051021017501001001KA1240N+02501MA1999999100321MD1999999-0101REMSYN016 333 20250 59010
0114821980999991993112012004-01717-045400FM-12+004499999V0200501N00311015001CN0100001N9+02891+02481101001ADDAA106000091AG14000GF108991061021017501061001KA1240N+02501MA1999999100491MD1999999+0171REMSYN016 333 20250 58017
0114821980999991993112312004-01717-045400FM-12+004499999V0200901N00621015001CN0100001N9+02931+02341101031ADDAA106000091AG14000GF106991061021017501001001KA1240N+02481MA1999999100521MD1999999+0041REMSYN016 333 20248 58004
0114821980999991993112412004-01717-045400FM-12+004499999V0200901N00821015001CN0100001N9+03001+02341100891ADDAA106000091AG14000GF105991051021017501001001KA1240N+02501MA1999999100381MD1999999-0141REMSYN016 333 20250 59014
0114821980999991993112512004-01717-045400FM-12+004499999V0200901N00411045001CN0100001N9+02971+02421100911ADDAA106000091AG14000GF106991031021017501061001KA1240N+02501MA1999999100401MD1999999+0021REMSYN016 333 20250 58002
0114821980999991993112612004-01717-045400FM-12+004499999V0203601N00411045001CN0100001N9+02841+02841101091ADDAA106000091AG14000GF107991031021017501061001KA1240N+02631MA1999999100581MD1999999+0181REMSYN016 333 20263 58018
0114821980999991993112712004-01717-045400FM-12+004499999V0200901N00361045001CN0100001N9+02871+02521101091ADDAA106000091AG14000GF107991041021017501061001KA1240N+02521MA1999999100581MD1999999+0001REMSYN016 333 20252 58000
0114821980999991993112812004-01717-045400FM-12+004499999V0200501N00361220001CN0100001N9+02811+02381101011ADDAA106000091AG14000GF104991041011017501001001KA1240N+02391MA1999999100581MD1999999-0081REMSYN016 333 20239 59008
0114821980999991993113012004-01717-045400FM-12+004499999V0200901N00461015001CN0100001N9+02961+02441100841ADDAA106000091AG14000GF105991051011017501001001KA1240N+02461MA1999999100331MD1999999-0091REMSYN016 333 20246 59009
0114821980999991993120112004-01717-045400FM-12+004499999V0200901N00411045001CN0100001N9+02951+02431100951ADDAA106000091AG14000GF107991041021017501061001KA1240N+02391MA1999999100441MD1999999-0111REMSYN016 333 20239 59011
0114821980999991993120212004-01717-045400FM-12+004499999V0200501N00461015001CN0100001N9+02971+02461100961ADDAA106000091AG14000GF106991061021017501001001KA1240N+02531MA1999999100451MD1999999+0011REMSYN016 333 20253 58001
0114821980999991993120312004-01717-045400FM-12+004499999V0200501N00511015001CN0100001N9+02961+02331100981ADDAA106000091AG14000GF106991061021017501001001KA1240N+02511MA1999999100471MD1999999+0021REMSYN016 333 20251 58002
0114821980999991993120412004-01717-045400FM-12+004499999V0200901N00411015001CN0100001N9+03071+02541100791ADDAA106000091AG14000GF106991061021017501001001KA1240N+02521MA1999999100291MD1999999-0191REMSYN016 333 20252 59019
0130821980999991993120700004-01717-045400FM-12+004499999V0200501N00411220001CN0100001N9+02661+02451100861ADDAA106000091AG14000GA1001+999999999GF100991001001999999001001KA1240M+03261MA1999999100351MD1999999+0171REMSYN016 333 10326 58017
0114821980999991993120712004-01717-045400FM-12+004499999V0200901N00931015001CN0100001N9+03021+02571100991ADDAA106000091AG14000GF106991061021017501001001KA1240N+02591MA1999999100481MD1999999+0081REMSYN016 333 20259 58008
0114821980999991993121012004-01717-045400FM-12+004499999V0200901N00461015001CN0100001N9+03091+02461100971ADDAA106000091AG14000GF106991061021017501001001KA1240N+02611MA1999999100461MD1999999+0031REMSYN016 333 20261 58003
0130821980999991993121100004-01717-045400FM-12+004499999V0200501N00211220001CN0100001N9+02731+02501100841ADDAA106000091AG14000GA1001+999999999GF100991001001999999001001KA1240M+03381MA1999999100331MD1999999+0011REMSYN016 333 10338 58001
0114821980999991993121112004-01717-045400FM-12+004499999V0200901N00511015001CN0100001N9+03061+02501100961ADDAA106000091AG14000GF105991051021017501001001KA1240N+02531MA1999999100451MD1999999-0041REMSYN016 333 20253 59004
0101821980999991993121312004-01717-045400FM-12+004499999V0200501N003619999999N0100001N9+02821+02401100821ADDAA106000091AG14000GF108991999999017501999999MA1999999100311MD1999999-0071REMSYN016 333 20/// 59007
0130821980999991993121500004-01717-045400FM-12+004499999V0200901N00261220001CN0100001N9+02631+02481100771ADDAA106000091AG14000GA1001+999999999GF100991001001999999001001KA1240M+03111MA1999999100261MD1999999+0001REMSYN016 333 10311 58000
0107821980999991993121512004-01717-045400FM-12+004499999V0200901N00571220001CN0100001N9+02851+02441100841ADDAA124008091AG10000GF105991031021017501001011MA1999999100331MD1999999-0061REMSYN022 333 20/// 59006 60084
0095821980999991993122018004-01717-045400FM-12+004499999V0203601N00151045001CN0040001N9+02621+02491100791ADDAA106000091AG14000GF105991031031012501041001MA1999999100361MD1999999+0041REMSYN010 333 58004
0101821980999991993122312004-01717-045400FM-12+004499999V0200501N00311015001CN0100001N9+03011+02321100971ADDAA106000091AG14000GF107991051021017501061001MA1999999100461MD1999999+0011REMSYN016 333 20/// 58001
0101821980999991993122412004-01717-045400FM-12+004499999V0200501N00261015001CN0100001N9+02961+02331101011ADDAA106000091AG14000GF107991051021017501011001MA1999999100501MD1999999+0041REMSYN016 333 20/// 58004
0129821980999991993122712004-01717-045400FM-12+004499999V0203201N00101015001CN0100001N9+02561+02441101161ADDAA124002091AG10006AY161061AY221061GF108991051071017501061001MA1999999100651MD1999999+0141MW1031REMSYN022 333 20/// 58014 60024
0129821980999991993122812004-01717-045400FM-12+004499999V0201401N00361015001CN0100001N9+02491+02381101231ADDAA124017091AG10006AY161061AY221061GF108991051051017501061001MA1999999100721MD1999999+0071MW1021REMSYN022 333 20/// 58007 60174
