0114825960999991993010312004-05650-035417FM-12+006199999V0200901N00511045001CN0040001N9+02941+02081101361ADDAA106000091AG14000GF105991031011008001061001KA1240N+02271MA1999999100541MD1999999+0001REMSYN016 333 20227 58000
0114825960999991993010412004-05650-035417FM-12+006199999V0201401N00461045001CN0040001N9+02781+02271101301ADDAA106000091AG14000GF108991031081008001011999KA1240N+02211MA1999999100571MD1999999+0031REMSYN016 333 20221 58003
0123825960999991993010418004-05650-035417FM-12+006199999V0203601N00361045001CN0040001N9+02501+02311101171ADDAA106004091AG10006AY161061AY251061GF108991031071008001031081MA1999999100441MD1999999+0101MW1021REMSYN016 333 58010 60041
0120825960999991993010512004-05650-035417FM-12+006199999V0200501N00411105001CN0040001N9+02671+02111101281ADDAA124004091AG10000GF107991041001017501091061KA1240N+02111MA1999999100551MD1999999-0021REMSYN022 333 20211 59002 60044
0114825960999991993010612004-05650-035417FM-12+006199999V0200901N00411045001CN0040001N9+02831+02221101421ADDAA106000091AG14000GF107991041021008001031061KA1240N+02211MA1999999100691MD1999999+0141REMSYN016 333 20221 58014
0114825960999991993010712004-05650-035417FM-12+006199999V0200901N00361045001CN0040001N9+02671+02141101221ADDAA106000091AG14000GF108991031011008001011999KA1240N+02321MA1999999100491MD1999999-0201REMSYN016 333 20232 59020
0095825960999991993010718004-05650-035417FM-12+006199999V0201401N00461220001CN0040001N9+02881+01861100961ADDAA106000091AG14000GF104991031001017501011081MA1999999100231MD1999999+0021REMSYN010 333 58002
0114825960999991993010812004-05650-035417FM-12+006199999V0201401N00461045001CN0040001N9+02831+02071101281ADDAA106000091AG14000GF108991041021008001031061KA1240N+02131MA1999999100561MD1999999+0071REMSYN016 333 20213 58007
0114825960999991993010912004-05650-035417FM-12+006199999V0201401N00411045001CN0040001N9+02901+02121101201ADDAA106000091AG14000GF106991041081008001031001KA1240N+02121MA1999999100481MD1999999-0081REMSYN016 333 20212 59008
0114825960999991993011112004-05650-035417FM-12+006199999V0200901N00461045001CN0040001N9+02861+02191101431ADDAA106000091AG14000GF107991031081008001061031KA1240N+02271MA1999999100701MD1999999+0031REMSYN016 333 20227 58003
0114825960999991993011212004-05650-035417FM-12+006199999V0200901N00261105001CN9999999N9+02541+02381101221ADDAA106000091AG14000GF105991021021008001041011KA1240M+03271MA1999999100501MD1999999-0141REMSYN016 333 10327 59014
0114825960999991993011312004-05650-035417FM-12+006199999V0201401N00571007501CN0040001N9+02841+02171101291ADDAA106000091AG14000GF107991051021008001061001KA1240N+02241MA1999999100571MD1999999-0061REMSYN016 333 20224 59006
0095825960999991993011318004-05650-035417FM-12+006199999V0200901N00621220001CN0040001N9+03061+02171101091ADDAA106000091AG14000GF103991011011008001041091MA1999999100371MD1999999+0001REMSYN010 333 58000
0095825960999991993011418004-05650-035417FM-12+006199999V0200901N00671105001CN0040001N9+03061+02041100961ADDAA106000091AG14000GF106991011011008001041041MA1999999100231MD1999999-0141REMSYN010 333 59014
0114825960999991993011512004-05650-035417FM-12+006199999V0200901N00511045001CN0040001N9+02821+02021101281ADDAA106000091AG14000GF107991041081008001081031KA1240N+02111MA1999999100561MD1999999-0151REMSYN016 333 20211 59015
0114825960999991993011912004-05650-035417FM-12+006199999V0200501N00211012001CN0040001N9+02761+02231101311ADDAA106000091AG14000GF107991051081008001001021KA1240N+02241MA1999999100591MD1999999-0291REMSYN016 333 20224 59029
0095825960999991993011918004-05650-035417FM-12+006199999V0200901N00461105001CN0040001N9+02951+02081101081ADDAA106000091AG14000GF105991031011008001001021MA1999999100351MD1999999-0051REMSYN010 333 59005
0114825960999991993012000004-05650-035417FM-12+006199999V0200901N00361220001CN9999999N9+02501+02321101281ADDAA106000091AG14000GF102991021001017501061001KA1240M+03161MA1999999100551MD1999999-0081REMSYN016 333 10316 59008
0114825960999991993012012004-05650-035417FM-12+006199999V0200501N00511012001CN0040001N9+02901+02071101291ADDAA106000091AG14000GF105991051081008001001001KA1240N+02171MA1999999100571MD1999999-0021REMSYN016 333 20217 59002
0095825960999991993012018004-05650-035417FM-12+006199999V0200901N00571220001CN0040001N9+03011+02131100981ADDAA106000091AG14000GF103991031011008001001001MA1999999100261MD1999999-0051REMSYN010 333 59005
0114825960999991993012312004-05650-035417FM-12+006199999V0201401N00571220001CN0040001N9+02551+02291101271ADDAA106000091AG14000GF106991041081008001001011KA1240N+02201MA1999999100551MD1999999-0031REMSYN016 333 20220 59003
0114825960999991993012512004-05650-035417FM-12+006199999V0201401N00511007501CN0040001N9+02891+02051101241ADDAA106000091AG14000GF105991051011008001001001KA1240N+02171MA1999999100521MD1999999+0071REMSYN016 333 20217 58007
0095825960999991993012518004-05650-035417FM-12+006199999V0200901N00621105001CN0040001N9+03251+02031101001ADDAA106000091AG14000GF107991021011008001001061MA1999999100281MD1999999+0071REMSYN010 333 58007
0114825960999991993012612004-05650-035417FM-12+006199999V0201401N00461045001CN0040001N9+02951+02181101271ADDAA106000091AG14000GF107991041021008001011041KA1240N+02391MA1999999100551MD1999999+0031REMSYN016 333 20239 58003
0095825960999991993012618004-05650-035417FM-12+006199999V0201401N00671045001CN0040001N9+03001+02051101111ADDAA106000091AG14000GF106991031011008001011021MA1999999100391MD1999999+0111REMSYN010 333 58011
0114825960999991993012712004-05650-035417FM-12+006199999V0201401N00511220001CN0040001N9+02881+02051101311ADDAA106000091AG14000GF106991041021008001001041KA1240N+02141MA1999999100591MD1999999+0041REMSYN016 333 20214 58004
0114825960999991993012812004-05650-035417FM-12+006199999V0201401N00571045001CN0040001N9+03041+01971101351ADDAA106000091AG14000GF108991031021008001031091KA1240N+02231MA1999999100631MD1999999+0041REMSYN016 333 20223 58004
0095825960999991993013018004-05650-035417FM-12+006199999V0200901N00571105001CN0040001N9+03001+02031100971ADDAA106000091AG14000GF106991011051008001051061MA1999999100241MD1999999-0251REMSYN010 333 59025
0114825960999991993020212004-05650-035417FM-12+006199999V0201401N00571045001CN0040001N9+02881+02101101311ADDAA106000091AG14000GF107991041021008001031001KA1240N+02321MA1999999100591MD1999999+0041REMSYN016 333 20232 58004
0095825960999991993020218004-05650-035417FM-12+006199999V0200901N00621220001CN0040001N9+02981+01861101061ADDAA106000091AG14000GF102991021011008001001001MA1999999100341MD1999999+0081REMSYN010 333 58008
0095825960999991993020418004-05650-035417FM-12+006199999V0201401N00511220001CN0040001N9+03021+02341101021ADDAA106000091AG14000GF103991031011008001001001MA1999999100291MD1999999+0061REMSYN010 333 58006
0114825960999991993020512004-05650-035417FM-12+006199999V0200901N00571007501CN0040001N9+02891+01971101401ADDAA106000091AG14000GF106991051011008001001011KA1240N+02171MA1999999100671MD1999999+0061REMSYN016 333 20217 58006
0100825960999991993020521004-05650-035417FM-12+006199999V0201101N00411220001CN0200001N9+02711+01551999999ADDAG12000GA1001+999999999GF100991001001999999001001MA1999999095522MD1999999+0041REMSYN010 333 58004
0114825960999991993021012004-05650-035417FM-12+006199999V0201401N00511220001CN0040001N9+02891+02161101391ADDAA106000091AG14000GF104991031081008001061001KA1240N+02191MA1999999100661MD1999999+0061REMSYN016 333 20219 58006
0114825960999991993021212004-05650-035417FM-12+006199999V0201401N00511045001CN0040001N9+02921+02071101151ADDAA106000091AG14000GF107991041021008001041001KA1240N+02211MA1999999100431MD1999999-0111REMSYN016 333 20221 59011
0114825960999991993021512004-05650-035417FM-12+006199999V0200901N00511012001CN0040001N9+02871+02161101081ADDAA106000091AG14000GF107991061081008001001021KA1240N+02221MA1999999100361MD1999999-0101REMSYN016 333 20222 59010
0130825960999991993021812004-05650-035417FM-12+006199999V0201401N00311220001CN9999999N9+02601+02191101041ADDAA106000091AG14000GA1001+999999999GF100991001001999999001001KA1240M+03241MA1999999100321MD1999999+0031REMSYN016 333 10324 58003
0114825960999991993030112004-05650-035417FM-12+006199999V0201401N00411105001CN0040001N9+02891+02051101021ADDAA106000091AG14000GF107991041021008001001031KA1240N+02301MA1999999100301MD1999999-0191REMSYN016 333 20230 59019
0142825960999991993030212004-05650-035417FM-12+006199999V0201801N00151045001CN0040001N9+02581+02361101211ADDAA124012091AG10006AY161061AY251061GF108991031071008001091999KA1240N+02271MA1999999100481MD1999999+0181MW1031REMSYN022 333 20227 58018 60124
0095825960999991993030318004-05650-035417FM-12+006199999V0200901N00621105001CN0040001N9+03041+02151101081ADDAA106000091AG14000GF106991041011008001001031MA1999999100361MD1999999+0201REMSYN010 333 58020
0114825960999991993030412004-05650-035417FM-12+006199999V0201401N00571012001CN0040001N9+02981+02171101301ADDAA106000091AG14000GF106991061081008001001001KA1240N+02281MA1999999100581MD1999999-0031REMSYN016 333 20228 59003
0114825960999991993030512004-05650-035417FM-12+006199999V0201401N00621220001CN0040001N9+02981+02091101301ADDAA106000091AG14000GF103991031011008001001001KA1240N+02221MA1999999100581MD1999999+0001REMSYN016 333 20222 58000
0114825960999991993030712004-05650-035417FM-12+006199999V0201401N00511012001CN0040001N9+03031+02041101381ADDAA106000091AG14000GF106991061081008001001001KA1240N+02181MA1999999100651MD1999999-0041REMSYN016 333 20218 59004
0114825960999991993030812004-05650-035417FM-12+006199999V0201401N00511012001CN0040001N9+02901+02101101381ADDAA106000091AG14000GF106991061081008001001001KA1240N+02131MA1999999100651MD1999999+0001REMSYN016 333 20213 58000
0114825960999991993030912004-05650-035417FM-12+006199999V0200901N00461007501CN0040001N9+03001+02051101341ADDAA106000091AG14000GF106991061011008001001001KA1240N+02171MA1999999100621MD1999999-0031REMSYN016 333 20217 59003
0095825960999991993030918004-05650-035417FM-12+006199999V0200901N00571007501CN0040001N9+03041+02031101041ADDAA106000091AG14000GF105991051011008001001001MA1999999100321MD1999999-0141REMSYN010 333 59014
0114825960999991993031012004-05650-035417FM-12+006199999V0200901N00511007501CN0040001N9+02951+01971101301ADDAA106000091AG14000GF105991051011008001001001KA1240N+02151MA1999999100581MD1999999-0041REMSYN016 333 20215 59004
0114825960999991993031118004-05650-035417FM-12+006199999V0200901N00621220001CN0040001N9+03121+02051101091ADDAA106000091AG14000GF102991999011008001001001MA1999999100371MD1999999+0001REMSYN010 333 58000EQDQ01+000012SCOTLC
0114825960999991993031212004-05650-035417FM-12+006199999V0201401N00511007501CN0040001N9+02921+02221101321ADDAA106000091AG14000GF107991071021008001001001KA1240N+02431MA1999999100601MD1999999-0081REMSYN016 333 20243 59008
0114825960999991993031312004-05650-035417FM-12+006199999V0200901N00511012001CN0040001N9+02971+02071101321ADDAA106000091AG14000GF106991061081008001001001KA1240N+02351MA1999999100601MD1999999+0001REMSYN016 333 20235 58000
0114825960999991993031412004-05650-035417FM-12+006199999V0200901N00511105001CN0040001N9+02861+02141101361ADDAA106000091AG14000GF106991021021008001061061KA1240N+02241MA1999999100641MD1999999+0041REMSYN016 333 20224 58004
0114825960999991993031512004-05650-035417FM-12+006199999V0200901N00511007501CN0040001N9+02911+01841101291ADDAA106000091AG14000GF105991051011008001001001KA1240N+02231MA1999999100571MD1999999-0071REMSYN016 333 20223 59007
0095825960999991993031518004-05650-035417FM-12+006199999V0201401N00571220001CN0040001N9+03151+01971100961ADDAA106000091AG14000GF102991021011008001001001MA1999999100241MD1999999-0091REMSYN010 333 59009
0114825960999991993031612004-05650-035417FM-12+006199999V0201401N00511012001CN0040001N9+02991+02041101261ADDAA106000091AG14000GF106991061081008001001001KA1240N+02231MA1999999100541MD1999999-0031REMSYN016 333 20223 59003
0095825960999991993031618004-05650-035417FM-12+006199999V0200901N00621105001CN0040001N9+02991+02011100951ADDAA106000091AG14000GF107991021011008001001031MA1999999100231MD1999999-0011REMSYN010 333 59001
0114825960999991993031712004-05650-035417FM-12+006199999V0201401N00621045001CN0040001N9+03001+02031101221ADDAA106000091AG14000GF107991031081008001081081KA1240N+02381MA1999999100561MD1999999+0021REMSYN016 333 20238 58002
0153825960999991993031912004-05650-035417FM-12+006199999V0200901N00511007501CN0040001N9+02791+02301101291ADDAA124000891AA299001091AG10001AY151061AY251061GF106991051021008001061001KA1240N+02381MA1999999100571MD1999999-0031MW1201REMSYN022 333 20238 59003 69984
0095825960999991993031918004-05650-035417FM-12+006199999V0201201N00621105001CN0040001N9+03061+01991100981ADDAA106000091AG14000GF106991041011008001001031MA1999999100261MD1999999-0061REMSYN010 333 59006
0114825960999991993032012004-05650-035417FM-12+006199999V0200501N00621220001CN0040001N9+03021+02071101411ADDAA106000091AG14000GF106991031021008001001061KA1240N+02121MA1999999100681MD1999999+0111REMSYN016 333 20212 58011
0114825960999991993032112004-05650-035417FM-12+006199999V0200501N00461105001CN0040001N9+02981+02091101411ADDAA106000091AG14000GF107991041081008001001051KA1240N+02331MA1999999100681MD1999999+0001REMSYN016 333 20233 58000
0095825960999991993032318004-05650-035417FM-12+006199999V0201401N00101220001CN0040001N9+03081+01951100981ADDAA106000091AG14000GF103991011051008001001061MA1999999100261MD1999999-0051REMSYN010 333 59005
0131825960999991993032412004-05650-035417FM-12+006199999V0209991C00001007501CN0040001N9+03021+02341101271ADDAA106000091AA224000191AG10001GF105991051021008001001001KA1240N+02231MA1999999100551MD1999999-0041REMSYN022 333 20223 59004 69914
0095825960999991993032418004-05650-035417FM-12+006199999V0200901N00571220001CN0040001N9+03091+02041100781ADDAA106000091AG14000GF101991011061008001001001MA1999999100061MD1999999-0201REMSYN010 333 59020
0134825960999991993032718004-05650-035417FM-12+006199999V0200501N00461045001CN0040001N9+02821+02241100841ADDAA106000291AA299000191AG10001AY151061AY251061GF108991031051008001071001MA1999999100131MD1999999-0041MW1021REMSYN016 333 59004 69921
0120825960999991993032812004-05650-035417FM-12+006199999V0200501N00461045001CN0040001N9+02901+02271101141ADDAA124000391AG10000GF106991041081008001061001KA1240N+02321MA1999999100421MD1999999-0081REMSYN022 333 20232 59008 69934
0142825960999991993032912004-05650-035417FM-12+006199999V0200901N00261007501CN0020001N9+02321+02251101311ADDAA124087091AG10000AY111061AY261061GF108991061071008001021999KA1240N+02251MA1999999100581MD1999999+0061MW1631REMSYN022 333 20225 58006 60874
0123825960999991993032918004-05650-035417FM-12+006199999V0200901N00461045001CN0040001N9+03071+02141100911ADDAA106004091AG10006AY161061AY221061GF106991011011008001031091MA1999999100191MD1999999-0011MW1021REMSYN016 333 59001 60041
0095825960999991993033018004-05650-035417FM-12+006199999V0200501N00571007501CN0040001N9+02991+02231100891ADDAA106000091AG14000GF105991051011008001001001MA1999999101171MD1999999-0021REMSYN010 333 59002
0095825960999991993033118004-05650-035417FM-12+006199999V0200501N00511220001CN0040001N9+03091+02161100801ADDAA106000091AG14000GF102991021011008001001001MA1999999100081MD1999999-0091REMSYN010 333 59009
0114825960999991993040312004-05650-035417FM-12+006199999V0200901N00461045001CN0040001N9+03051+02181101021ADDAA106000091AG14000GF107991031081008001091061KA1240N+02351MA1999999100301MD1999999-0121REMSYN016 333 20235 59012
0161825960999991993040412004-05650-035417FM-12+006199999V0200901N00461007501CN0040001N9+02201+02131101011ADDAA124003091AG10001AY151061AY221061GF107991051021008001091031KA1240N+99999MA1999999100291MD1999999-0011MW1021REMSYN022 333 20231 59001 60034EQDQ01 +02312ATMN  
0142825960999991993040512004-05650-035417FM-12+006199999V0200901N00511220001CN0040001N9+02931+02191101071ADDAA124015091AG10006AY161061AY221061GF104991041081008001001001KA1240N+02361MA1999999100351MD1999999+0061MW1021REMSYN022 333 20236 58006 60154
0153825960999991993040612004-05650-035417FM-12+006199999V0200901N00511045001CN0040001N9+02951+02211101221ADDAA124000491AA299000591AG13000AY121061AY221061GF107991031071008001061001KA1240N+02321MA1999999100101MD1999999+1051MW1141REMSYN022 333 20232 58105 69944
0095825960999991993040618004-05650-035417FM-12+006199999V0200901N00621220001CN0040001N9+03061+02251100881ADDAA106000091AG14000GF103991031021008001001001MA1999999100161MD1999999+0031REMSYN010 333 58003
0123825960999991993040718004-05650-035417FM-12+006199999V0200901N00461045001CN0040001N9+02671+02521100731ADDAA106007091AG10006AY161061AY251061GF108991031071008001071051MA1999999100001MD1999999-0161MW1141REMSYN016 333 59016 60071
0114825960999991993040912004-05650-035417FM-12+006199999V0201401N00571012001CN0040001N9+02881+02321101131ADDAA106000091AG14000GF106991061081008001001001KA1240N+02361MA1999999100411MD1999999-0031REMSYN016 333 20236 59003
0114825960999991993041012004-05650-035417FM-12+006199999V0201401N00461045001CN0040001N9+02891+02221101271ADDAA106000091AG14000GF108991041081008001071041KA1240N+02271MA1999999100551MD1999999+0141REMSYN016 333 20227 58014
0114825960999991993041112004-05650-035417FM-12+006199999V0201401N00511007501CN0040001N9+02941+02311101351ADDAA106000091AG14000GF107991051021008001001031KA1240N+02291MA1999999100631MD1999999+0081REMSYN016 333 20229 58008
0114825960999991993041212004-05650-035417FM-12+006199999V0201801N00511045001CN0040001N9+02791+02181101281ADDAA106000091AG14000GF107991031081008001091091KA1240N+02231MA1999999100561MD1999999+0071REMSYN016 333 20223 58007
0095825960999991993041218004-05650-035417FM-12+006199999V0200901N00621220001CN0040001N9+02921+01951100971ADDAA106000091AG14000GF101991011001008001041001MA1999999100241MD1999999+0011REMSYN010 333 58001
0114825960999991993041312004-05650-035417FM-12+006199999V0200901N00461045001CN0040001N9+02891+02161101201ADDAA106000091AG14000GF105991031021008001061001KA1240N+02191MA1999999100481MD1999999-0081REMSYN016 333 20219 59008
0095825960999991993041318004-05650-035417FM-12+006199999V0200901N00571220001CN0040001N9+02981+02201100871ADDAA106000091AG14000GF103991031011008001001001MA1999999100141MD1999999-0101REMSYN010 333 59010
0142825960999991993041512004-05650-035417FM-12+006199999V0201801N00361007501CN0020001N9+02481+02291101351ADDAA124441091AG10006AY161061AY251061GF108991071051008001011999KA1240N+02281MA1999999100621MD1999999+0241MW1611REMSYN022 333 20228 58024 64414
0120825960999991993041712004-05650-035417FM-12+006199999V0200901N00311007501CN0040001N9+02571+02381101241ADDAA124001091AG10000GF108991051071008001021999KA1240N+02351MA1999999100511MD1999999-0121REMSYN022 333 20235 59012 60014
0131825960999991993042112004-05650-035417FM-12+006199999V0201401N00511007501CN0040001N9+02781+02341101291ADDAA124000691AA299000591AG10000GF108991051021008001061999KA1240N+01121MA1999999100571MD1999999+0071REMSYN022 333 20112 58007 69964
0142825960999991993042212004-05650-035417FM-12+006199999V0200901N00411045001CN0040001N9+02681+02351101341ADDAA124007091AG10006AY161061AY251061GF108991031081008001091081KA1240N+02321MA1999999100611MD1999999+0041MW1031REMSYN022 333 20232 58004 60074
0130825960999991993042300004-05650-035417FM-12+006199999V0201401N00151220001CN9999999N9+02461+02251101261ADDAA106000091AG14000GA1001+999999999GF100991001001999999001001KA1240M+03001MA1999999100531MD1999999-0161REMSYN016 333 10300 59016
0114825960999991993042312004-05650-035417FM-12+006199999V0201401N00511105001CN0040001N9+02821+02171101321ADDAA106000091AG14000GF106991041081008001001021KA1240N+02221MA1999999100591MD1999999-0031REMSYN016 333 20222 59003
0095825960999991993042318004-05650-035417FM-12+006199999V0200901N00511105001CN0040001N9+02431+02121100971ADDAA106000091AG14000GF105991011051008001041031MA1999999100241MD1999999+0011REMSYN010 333 58001
0114825960999991993042400004-05650-035417FM-12+006199999V0201401N00101220001CN9999999N9+02471+02251101241ADDAA106000091AG14000GF104991011061008001041011KA1240M+03021MA1999999100511MD1999999-0021REMSYN016 333 10302 59002
0114825960999991993042412004-05650-035417FM-12+006199999V0201401N00461045001CN0040001N9+02851+02261101251ADDAA106000091AG14000GF107991041021008001031051KA1240N+02311MA1999999100531MD1999999-0061REMSYN016 333 20231 59006
0095825960999991993042418004-05650-035417FM-12+006199999V0200901N00621045001CN0040001N9+02961+02261100931ADDAA106000091AG14000GF106991011011008001091091MA1999999100201MD1999999-0041REMSYN010 333 59004
0142825960999991993042512004-05650-035417FM-12+006199999V0201401N00461045001CN0040001N9+02851+02381101261ADDAA124000391AG10001AY151061AY211061GF108991041021008001091091KA1240N+02341MA1999999100541MD1999999+0011MW1031REMSYN022 333 20234 58001 69934
0095825960999991993042518004-05650-035417FM-12+006199999V0200901N00461045001CN0040001N9+02841+02351100911ADDAA106000091AG14000GF108991031021008001091091MA1999999100101MD1999999-0031REMSYN010 333 59003
0142825960999991993042612004-05650-035417FM-12+006199999V0201401N00511220001CN0040001N9+02861+02421101141ADDAA124004091AG10006AY161061AY251061GF106991041081008001001011KA1240N+02351MA1999999100421MD1999999-0081MW1201REMSYN022 333 20235 59008 60044
0095825960999991993042618004-05650-035417FM-12+006199999V0200901N00461045001CN0040001N9+02921+02141100841ADDAA106000091AG14000GF106991041011008001061001MA1999999100121MD1999999-0051REMSYN010 333 59005
0130825960999991993042700004-05650-035417FM-12+006199999V0200901N00211220001CN9999999N9+02631+02371101091ADDAA106000091AG14000GA1001+999999999GF100991001001999999001001KA1240M+03041MA1999999100371MD1999999-0051REMSYN016 333 10304 59005
0153825960999991993042712004-05650-035417FM-12+006199999V0200901N00571045001CN0040001N9+02901+02411101181ADDAA124000791AA299001091AG10001AY151061AY211061GF107991041081008001061031KA1240N+02371MA1999999100461MD1999999+0041MW1031REMSYN022 333 20237 58004 69974
0114825960999991993042800004-05650-035417FM-12+006199999V0200901N00261220001CN9999999N9+02571+02271101251ADDAA106000091AG14000GF104991041021008001001001KA1240M+03031MA1999999100491MD1999999+0121REMSYN016 333 10303 58012
0142825960999991993042812004-05650-035417FM-12+006199999V0200901N00261007501CN0020001N9+02471+02321101281ADDAA124003091AG10006AY161061AY251061GF108991051071008001021999KA1240N+02361MA1999999100551MD1999999+0091MW1161REMSYN022 333 20236 58009 60034
0095825960999991993042918004-05650-035417FM-12+006199999V0200901N00511007501CN0040001N9+02921+02291100841ADDAA106000091AG14000GF105991051011008001001001MA1999999100111MD1999999-0091REMSYN010 333 59009
0123825960999991993043018004-05650-035417FM-12+006199999V0200901N00461220001CN0040001N9+02751+02381100851ADDAA106000191AG10000AY121061AY221061GF104991021071008001091011MA1999999100121MD1999999+0011MW1201REMSYN016 333 58001 69911
0123825960999991993050118004-05650-035417FM-12+006199999V0200901N00261045001CN0040001N9+02861+02311100881ADDAA106000391AG10001AY151061AY221061GF108991031021008001011081MA1999999100151MD1999999+0031MW1021REMSYN016 333 58003 69931
0114825960999991993050300004-05650-035417FM-12+006199999V0201401N00051007501CN9999999N9+02581+02461101231ADDAA106000091AG14000GF108991081071008001999999KA1240M+03011MA1999999100501MD1999999+0011REMSYN016 333 10301 58001
0142825960999991993050312004-05650-035417FM-12+006199999V0200501N00461012001CN0040001N9+02781+02361101241ADDAA124003091AG10005AY161061AY251061GF106991061081008001001001KA1240N+02351MA1999999100521MD1999999-0011MW1031REMSYN022 333 20235 59001 60034
0095825960999991993050318004-05650-035417FM-12+006199999V0200901N00461220001CN0100001N9+02891+02301100931ADDAA106000091AG14000GF103991021011008001001031MA1999999100201MD1999999+0051REMSYN010 333 58005
0114825960999991993050412004-05650-035417FM-12+006199999V0200901N00461045001CN0040001N9+02771+02441101211ADDAA106000091AG14000GF106991031021008001031091KA1240N+02371MA1999999100481MD1999999-0041REMSYN016 333 20237 59004
0095825960999991993050418004-05650-035417FM-12+006199999V0200501N00461105001CN0040001N9+02921+02321100911ADDAA106000091AG14000GF106991021021008001031031MA1999999100181MD1999999-0021REMSYN010 333 59002
0130825960999991993050600004-05650-035417FM-12+006199999V0201401N00151220001CN9999999N9+02461+02251101241ADDAA106000091AG14000GA1001+999999999GF100991001001999999001001KA1240M+03041MA1999999100511MD1999999+0021REMSYN016 333 10304 58002
0114825960999991993050612004-05650-035417FM-12+006199999V0201401N00461220001CN0040001N9+02851+02331101291ADDAA106000091AG14000GF106991041081008001001011KA1240N+02171MA1999999100571MD1999999-0081REMSYN016 333 20217 59008
0095825960999991993050618004-05650-035417FM-12+006199999V0200901N00511220001CN0040001N9+02951+02211101841ADDAA106000091AG14000GF104991011011008001001021MA1999999100111MD1999999-0141REMSYN010 333 59014
0114825960999991993050712004-05650-035417FM-12+006199999V0200901N00461105001CN0040001N9+02801+02271101211ADDAA106000091AG14000GF106991041081008001001021KA1240N+02161MA1999999100491MD1999999-0081REMSYN016 333 20216 59008
0095825960999991993050718004-05650-035417FM-12+006199999V0201401N00511220001CN0040001N9+02991+02091100881ADDAA106000091AG14000GF105991001001999999001061MA1999999100091MD1999999-0031REMSYN010 333 59003
0130825960999991993050900004-05650-035417FM-12+006199999V0201401N00151220001CN9999999N9+02451+02251101111ADDAA106000091AG14000GA1001+999999999GF100991001001999999001001KA1240M+03151MA1999999100391MD1999999-0011REMSYN016 333 10315 59001
0114825960999991993050912004-05650-035417FM-12+006199999V0201401N00621007501CN0040001N9+02821+02221101061ADDAA106000091AG14000GF106991061011008001001001KA1240N+02211MA1999999100331MD1999999-0091REMSYN016 333 20221 59009
0095825960999991993050918004-05650-035417FM-12+006199999V0201401N00621105001CN0040001N9+03001+02241100791ADDAA106000091AG14000GF106991021011008001001091MA1999999100071MD1999999-0081REMSYN010 333 59008
0130825960999991993051100004-05650-035417FM-12+006199999V0201801N00311220001CN9999999N9+02451+02151101021ADDAA106000091AG14000GA1001+999999999GF100991001001999999001001KA1240M+03111MA1999999100291MD1999999+0001REMSYN016 333 10311 58000
0114825960999991993051112004-05650-035417FM-12+006199999V0201401N00511045001CN0040001N9+02861+02311101041ADDAA106000091AG14000GF106991021081008001091081KA1240N+02231MA1999999100381MD1999999+0051REMSYN016 333 20223 58005
0114825960999991993051118004-05650-035417FM-12+006199999V0201401N00511105001CN0040001N9+02951+02241999999ADDAA106000091AG14000GF107991041001017501091081MA1999999100071MD1999999+0051REMSYN010 333 58005EQDQ01+100103APOSLP
0114825960999991993051200004-05650-035417FM-12+006199999V0201401N00311220001CN9999999N9+02551+02251101131ADDAA106000091AG14000GF101991011001017501041001KA1240M+03101MA1999999100411MD1999999+0121REMSYN016 333 10310 58012
0136825960999991993051212004-05650-035417FM-12+006199999V0201401N00571045001CN0040001N9+02791+02341101061ADDAA106000091AG10000AY121061AY211061GF108991041071008001091081KA1240N+02311MA1999999100341MD1999999+0021MW1141REMSYN016 333 20231 58002
0142825960999991993051312004-05650-035417FM-12+006199999V0201801N00511045001CN0040001N9+02721+02301101171ADDAA124000591AG10001AY151061AY221061GF106991041081008001061001KA1240N+02271MA1999999100441MD1999999+0101MW1031REMSYN022 333 20227 58010 69954
0095825960999991993051318004-05650-035417FM-12+006199999V0201401N00511220001CN0040001N9+02951+02111100791ADDAA106000091AG14000GF101991011011008001001001MA1999999100061MD1999999-0051REMSYN010 333 59005
0093825960999991993052818004-05650-035417FM-12+006199999V0202901N00051012001CN0200001N9+00891+00041100431ADDAA106000091AG14000GF106991061081008001001001KA1240M+02281MD1710071+9999REMSYN010 333 10228
0114825960999991993060500004-05650-035417FM-12+006199999V0201401N00151220001CN9999999N9+02331+02161101551ADDAA106000091AG14000GF103991031001017501031001KA1240M+02891MA1999999100811MD1999999-0061REMSYN016 333 10289 59006
0120825960999991993060512004-05650-035417FM-12+006199999V0201401N00511220001CN0040001N9+02811+02081101501ADDAA124001091AG10000GF103991031011008001001001KA1240N+02091MA1999999100761MD1999999-0081REMSYN022 333 20209 59008 60014
0095825960999991993060618004-05650-035417FM-12+006199999V0200901N00571220001CN0040001N9+02921+02121101191ADDAA106000091AG14000GF103991031001017501041001MA1999999100461MD1999999+0001REMSYN010 333 58000
0095825960999991993060718004-05650-035417FM-12+006199999V0200901N00571220001CN0040001N9+02891+02131101091ADDAA106000091AG14000GF106991031001017501041041MA1999999100361MD1999999-0101REMSYN010 333 59010
0114825960999991993060812004-05650-035417FM-12+006199999V0201401N00511045001CN0040001N9+02761+02191101301ADDAA106000091AG14000GF106991011011008001031091KA1240N+02141MA1999999100571MD1999999-0101REMSYN016 333 20214 59010
0114825960999991993060900004-05650-035417FM-12+006199999V0201801N00261045001CN9999999N9+02991+02271101331ADDAA106000091AG14000GF106991041021008001031001KA1240M+03051MA1999999100601MD1999999-0031REMSYN016 333 10305 59003
0142825960999991993060912004-05650-035417FM-12+006199999V0201801N004619999999N0040001N9+02521+02291101281ADDAA124004091AG10005AY161061AY251061GF108991021061008001999999KA1240N+02301MA1999999100551MD1999999-0021MW1021REMSYN022 333 20230 59002 60044
0153825960999991993061000004-05650-035417FM-12+006199999V0201401N00151007501CN9999999N9+02431+02281101281ADDAA106000291AA299000191AG10000AY151061AY221061GF108991081071008001999999KA1240M+02901MA1999999100551MD1999999-0051MW1201REMSYN022 333 10290 59005 69921
0142825960999991993061012004-05650-035417FM-12+006199999V0200901N00571012001CN0040001N9+02871+02211101371ADDAA124023091AG10005AY161061AY251061GF105991051081008001001001KA1240N+02331MA1999999100641MD1999999+0091MW1021REMSYN022 333 20233 58009 60234
0095825960999991993061018004-05650-035417FM-12+006199999V0200901N00571007501CN0040001N9+02911+02251101171ADDAA106000091AG14000GF105991051011008001001001MA1999999100441MD1999999+0141REMSYN010 333 58014
0142825960999991993061100004-05650-035417FM-12+006199999V0201401N00211007501CN9999999N9+02431+02241101421ADDAA106001091AG10000AY121061AY221061GF108991081071008001999999KA1240M+02961MA1999999100691MD1999999+0141MW1551REMSYN022 333 10296 58014 60011
0142825960999991993061112004-05650-035417FM-12+006199999V0201401N00461007501CN0040001N9+02661+02391101531ADDAA124008091AG10005AY161061AY251061GF108991051071008001011999KA1240N+02281MA1999999100791MD1999999+0051MW1501REMSYN022 333 20228 58005 60084
0153825960999991993061412004-05650-035417FM-12+006199999V0201401N00511045001CN0040001N9+02561+02231101431ADDAA124000691AA299000591AG10000AY151061AY221061GF106991021011008001091081KA1240N+02161MA1999999100691MD1999999+0061MW1031REMSYN022 333 20216 58006 69964
0114825960999991993061500004-05650-035417FM-12+006199999V0201801N00211220001CN9999999N9+02321+02131101491ADDAA106000091AG14000GF103991031021008001001001KA1240M+02981MA1999999100751MD1999999+0071REMSYN016 333 10298 58007
0142825960999991993061512004-05650-035417FM-12+006199999V0201401N00511045001CN0040001N9+02581+02211101571ADDAA124007091AG10005AY161061AY251061GF107991011061008001091081KA1240N+02161MA1999999100831MD1999999+0141MW1021REMSYN022 333 20216 58014 60074
0123825960999991993061518004-05650-035417FM-12+006199999V0201401N00461007501CN0040001N9+02791+02061101251ADDAA106001091AG10000AY151061AY221061GF106991051011008001041001MA1999999100521MD1999999+0061MW1021REMSYN016 333 58006 60011
0142825960999991993061712004-05650-035417FM-12+006199999V0201801N00511045001CN0040001N9+02581+02331101351ADDAA124001091AG10000AY151061AY251061GF107991031071008001091081KA1240N+02181MA1999999100621MD1999999+0251MW1141REMSYN022 333 20218 58025 60014
0142825960999991993061812004-05650-035417FM-12+006199999V0201801N00571220001CN0040001N9+02581+02121101241ADDAA124009091AG10005AY161061AY251061GF102991021001017501041001KA1240N+02131MA1999999100511MD1999999-0111MW1011REMSYN022 333 20213 59011 60094
0134825960999991993061918004-05650-035417FM-12+006199999V0201401N00411045001CN0040001N9+02681+02161101271ADDAA106000491AA299000591AG10000AY151061AY221061GF107991031071008001071081MA1999999100541MD1999999+0101MW1141REMSYN016 333 58010 69941
0130825960999991993062600004-05650-035417FM-12+006199999V0201401N00361220001CN9999999N9+02371+02051101471ADDAA106000091AG14000GA1001+999999999GF100991001001999999001001KA1240M+02981MA1999999100731MD1999999-0011REMSYN016 333 10298 59001
0142825960999991993062612004-05650-035417FM-12+006199999V0201801N00511105001CN0040001N9+02581+02231101471ADDAA124002091AG10000AY151061AY211061GF105991011011008001081081KA1240N+02081MA1999999100731MD1999999+0031MW1021REMSYN022 333 20208 58003 60024
0146825960999991993062712004-05650-035417FM-12+006199999V0201401N00261012001CN0040001N9+02641+02351101451ADDAA124004091AG10005AY161061AY251061GF106991061081008001001001KA1240N+02191MD1999999+0031MW1031REMSYN022 333 20219 58003 60044EQDQ01-069591APOSP 
0142825960999991993062812004-05650-035417FM-12+006199999V0201401N00461220001CN0040001N9+02711+02261101491ADDAA124000591AG10000AY151061AY221061GF102991021011008001001001KA1240N+02051MA1999999100751MD1999999+0001MW1031REMSYN022 333 20205 58000 69954
0114825960999991993062912004-05650-035417FM-12+006199999V0201401N00571045001CN0040001N9+02761+02231101401ADDAA106000091AG14000GF106991031081008001031001KA1240N+02111MA1999999100661MD1999999-0091REMSYN016 333 20211 59009
0142825960999991993063012004-05650-035417FM-12+006199999V0201801N00461105001CN0040001N9+02531+02291101521ADDAA124004091AG10005AY161061AY251061GF105991021011008001041061KA1240N+02171MA1999999100781MD1999999+0121MW1031REMSYN022 333 20217 58012 60044
0095825960999991993070118004-05650-035417FM-12+006199999V0201401N00461007501CN0040001N9+02861+02191101211ADDAA106000091AG14000GF106991061011008001001001MA1999999100481MD1999999+0081REMSYN010 333 58008
0130825960999991993070312004-05650-035417FM-12+006199999V0201401N00261220001CN9999999N9+02291+02291101421ADDAA106000091AG14000GA1001+999999999GF100991001001999999001001KA1240M+02981MA1999999099581MD1999999-0051REMSYN016 333 10298 59005
0114825960999991993070618004-05650-035417FM-12+006199999V0201401N00621220001CN0040001N9+02811+01921101081ADDAA106000091AG14000GF102991021011008001001001MA1999999100361MD1999999-0121REMSYN010 333 59012EQDQ01+999990APOSP 
0133825960999991993070712004-05650-035417FM-12+006199999V0201801N00511220001CN0040001N9+02741+02001101421ADDAA106000091AG14000GF101991999011008001081081KA1240N+01971MA1999999100681MD1999999+0021REMSYN016 333 20197 58002EQDQ01+000002SCOTLC
0130825960999991993070800004-05650-035417FM-12+006199999V0201401N00151220001CN9999999N9+02381+02091101271ADDAA106000091AG14000GA1001+999999999GF100991001001999999001001KA1240M+03001MA1999999100641MD1999999+0001REMSYN016 333 10300 58000
0101825960999991993070812004-05650-035417FM-12+006199999V0201401N00511220001CN0040001N9+02701+02031101461ADDAA106000091AG14000GF102991021011008001001001MA1999999100781MD1999999+0041REMSYN016 333 2020/ 58004
0095825960999991993070818004-05650-035417FM-12+006199999V0200901N00621220001CN0040001N9+02881+02051101211ADDAA106000091AG14000GF104991041011008001001001MA1999999100481MD1999999+0081REMSYN010 333 58008
0095825960999991993070819004-05650-035417FM-12+006199999V0200901N00621220001CN0040001N9+02881+02051101211ADDAA106000091AG14999GF104991041011008001001001MA1999999100481MD1999999+0081REMSYN010 333 58008
0114825960999991993070900004-05650-035417FM-12+006199999V0201401N00151015001CN9999999N9+02411+02241101401ADDAA106000091AG14000GF108991081001017501031999KA1240M+03031MA1999999100661MD1999999+0021REMSYN016 333 10303 58002
0142825960999991993070912004-05650-035417FM-12+006199999V0200401N00981007501CN0040001N9+02741+02341101491ADDAA124000191AG10000AY151061AY221061GF108991051021008001061081KA1240N+02151MA1999999100751MD1999999+0031MW1031REMSYN022 333 20215 58003 69914
0123825960999991993070918004-05650-035417FM-12+006199999V0200901N00511105001CN0040001N9+02491+02381101291ADDAA106003091AG10005AY161061AY251061GF107991041071008001001031MA1999999100561MD1999999+0081MW1201REMSYN016 333 58008 60031
0142825960999991993071012004-05650-035417FM-12+006199999V0201401N00511045001CN0040001N9+02501+02211101571ADDAA124025091AG10005AY161061AY251061GF107991031071008001091081KA1240N+02121MA1999999100231MD1999999+0081MW1011REMSYN022 333 20212 58008 60254
0123825960999991993071018004-05650-035417FM-12+006199999V0201401N00571045001CN0040001N9+02791+02211101331ADDAA106999929AG10000AY151061AY221061GF107991031071008001011081MA1999999100601MD1999999+0041MW1141REMSYN016 333 58004 69901
0142825960999991993071112004-05650-035417FM-12+006199999V0201801N00461220001CN0040001N9+02571+02061101451ADDAA124012091AG10000AY151061AY281061GF102991021001008001041001KA1240N+02011MA1999999100711MD1999999-0121MW1011REMSYN022 333 20201 59012 60124
0103825960999991993071312004-05650-035417FM-12+006199999V0201801N00211007501CN0040001N9+02461+02341101651ADDAG12000GF108991051071008001011999KA1240N+02191MA1999999098911MD1999999+0131REMSYN016 333 20219 58013
0153825960999991993071318004-05650-035417FM-12+006199999V0201401N00571045001CN0040001N9+02701+01131101401ADDAA106000491AA299000591AG10000AY151061AY221061GF106991041021008001031001MA1999999100662MD1999999-0161MW1021REMSYN016 333 59016 69941EQDQ01+100663APOSP 
0142825960999991993071400004-05650-035417FM-12+006199999V0201401N00361007501CN9999999N9+02391+02311101631ADDAA106001091AG10005AY161061AY221061GF106991061071008001999999KA1240M+02811MA1999999100891MD1999999+0231MW1031REMSYN022 333 10281 58023 60011
0155825960999991993071412004-05650-035417FM-12+006199999V0201401N00461012001CN0040001N9+02651+02001101751ADDAA124002091AG10000GF105991051081008001001001KA1240N+02011MA1999999101031MD1999999+0101REMSYN022 333 20201 58010 60024EQDQ01-069591APOSP Q02+999990APOSP 
0095825960999991993071518004-05650-035417FM-12+006199999V0201401N00511220001CN0040001N9+02841+02071101371ADDAA106000091AG14000GF104991041011008001001001MA1999999100641MD1999999-0061REMSYN010 333 59006
0142825960999991993071618004-05650-035417FM-12+006199999V0201401N00571045001CN0040001N9+02581+02061101341ADDAA106999999AG14000AY151061AY221061GF107991031071008001061001MA1999999100611MD1999999-0031MW1201REMSYN016 333 59003 60001EQDQ01  00002PRCP06
0114825960999991993071912004-05650-035417FM-12+006199999V0209999999999007501CN0200001N9+02601+01841101661ADDAA106000091AG14000GF105991051021008001001001KA1240N+02261MA1999999099191MD1999999-0031REMSYN016 333 20226 59003
0114825960999991993071918004-05650-035417FM-12+006199999V0201401N00571220001CN0040001N9+02891+01731101371ADDAA106000091AG14000GF101991011011008001001001MA1999999100632MD1999999-0041REMSYN010 333 59004EQDQ01+100633APOSP 
0114825960999991993072012004-05650-035417FM-12+006199999V0201801N00511220001CN0040001N9+02701+02081101521ADDAA106000091AG14000GF103991031011008001001001KA1240N+01971MA1999999100781MD1999999-0211REMSYN016 333 20197 59021
0117825960999991993072018004-05650-035417FM-12+006199999V0201401N00311045001CN0040001N9+02731+01151101321ADDAA106000091AG10000AY121061AY221061GF107991021071008001061081MA1999999100591MD1999999-0041MW1141REMSYN010 333 59004
0123825960999991993072118004-05650-035417FM-12+006199999V0201401N00511045001CN0040001N9+02751+01701101331ADDAA106000191AG10000AY151061AY221061GF108991021011008001011999MA1999999100601MD1999999+0011MW1021REMSYN016 333 58001 69911
0095825960999991993072818004-05650-035417FM-12+006199999V0200901N00511220001CN0040001N9+02771+02041101371ADDAA106000091AG14000GF102991021011008001001001MA1999999100641MD1999999+0051REMSYN010 333 58005
0122825960999991993072912004-05650-035417FM-12+006199999V0201401N00461045001CN0040001N9+02501+02071101711ADDAA124000391AG10000AY151061AY211061GF108991021051008001011999KA1240N+02031MA1999999100971MW1031REMSYN016 333 20203 69934
0114825960999991993080212004-05650-035417FM-12+006199999V0201401N00511045001CN0040001N9+02601+02101101751ADDAA106000091AG14000GF106991031011008001031001KA1240N+01951MA1999999101011MD1999999+0111REMSYN016 333 20195 58011
0095825960999991993080218004-05650-035417FM-12+006199999V0201401N00571220001CN0040001N9+02801+01981101471ADDAA106000091AG14000GF102991011011008001001011MA1999999100731MD1999999+0171REMSYN010 333 58017
0114825960999991993080312004-05650-035417FM-12+006199999V0201401N00051220001CN0040001N9+02631+02031101861ADDAA106000091AG14000GF102991021011008001001001KA1240N+02081MA1999999101121MD1999999+0111REMSYN016 333 20208 58011
0130825960999991993080400004-05650-035417FM-12+006199999V0201801N00101220001CN9999999N9+02371+02151101841ADDAA106000091AG14000GA1001+999999999GF100991001001999999001001KA1240M+03031MA1999999101101MD1999999+0041REMSYN016 333 10303 58004
0114825960999991993080412004-05650-035417FM-12+006199999V0201801N00461045001CN0040001N9+02651+02031101841ADDAA106000091AG14000GF106991021011008001031001KA1240N+01971MA1999999101101MD1999999-0021REMSYN016 333 20197 59002
0095825960999991993080418004-05650-035417FM-12+006199999V0201401N00511220001CN0040001N9+02831+02001101431ADDAA106000091AG14000GF102991021021008001001001MA1999999100691MD1999999-0131REMSYN010 333 59013
0130825960999991993080500004-05650-035417FM-12+006199999V0201801N00461220001CN9999999N9+02301+02031101701ADDAA106000091AG14000GA1001+999999999GF100991001001999999001001KA1240M+02981MA1999999100961MD1999999-0141REMSYN016 333 10298 59014
0114825960999991993080512004-05650-035417FM-12+006199999V0201801N00571045001CN0040001N9+02551+01931101681ADDAA106000091AG14000GF106991021011008001031091KA1240N+02011MA1999999100941MD1999999-0161REMSYN016 333 20201 59016
0114825960999991993080600004-05650-035417FM-12+006199999V0201801N00411045001CN9999999N9+02431+02171101521ADDAA106000091AG14000GF106991031011008001031001KA1240M+02981MA1999999100781MD1999999-0181REMSYN016 333 10298 59018
0130825960999991993080612004-05650-035417FM-12+006199999V0201801N00571220001CN0040001N9+02741+01891101621ADDAA106000091AG14000GA1001+999999999GF100991001001999999001001KA1240N+02081MA1999999100881MD1999999-0061REMSYN016 333 20208 59006
0130825960999991993080700004-05650-035417FM-12+006199999V0201801N00261220001CN9999999N9+02251+01981101511ADDAA106000091AG14000GA1001+999999999GF100991001001999999001001KA1240M+03171MA1999999100771MD1999999-0011REMSYN016 333 10317 59001
0130825960999991993080800004-05650-035417FM-12+006199999V0201401N00361220001CN9999999N9+02321+02201101341ADDAA106000091AG14000GA1001+999999999GF100991001001999999001001KA1240M+03131MA1999999100611MD1999999-0171REMSYN016 333 10313 59017
0114825960999991993080812004-05650-035417FM-12+006199999V0201401N00571045001CN0040001N9+02671+02091101351ADDAA106000091AG14000GF108991031081008001011999KA1240N+02041MA1999999100621MD1999999-0151REMSYN016 333 20204 59015
0114825960999991993081012004-05650-035417FM-12+006199999V0201801N00511012001CN0040001N9+02711+02111101371ADDAA106000091AG14000GF107991071081008001001001KA1240N+01981MA1999999100641MD1999999-0031REMSYN016 333 20198 59003
0095825960999991993081118004-05650-035417FM-12+006199999V0200901N00621220001CN0040001N9+02891+02101101301ADDAA106000091AG14000GF101991011011008001001001MA1999999100571MD1999999+0211REMSYN010 333 58021
0123825960999991993081318004-05650-035417FM-12+006199999V0201401N00621045001CN0040001N9+02561+02251101301ADDAA106001091AG10001AY151061AY251061GF108991041081008001011999MA1999999100661MD1999999+0071MW1021REMSYN016 333 58007 60011
0130825960999991993081600004-05650-035417FM-12+006199999V0201401N00211220001CN9999999N9+02391+02151101601ADDAA106000091AG14000GA1001+999999999GF100991001001999999001001KA1240M+02971MA1999999100861MD1999999+0031REMSYN016 333 10297 58003
0114825960999991993081612004-05650-035417FM-12+006199999V0201801N00621220001CN0040001N9+02751+02001101661ADDAA106000091AG14000GF104991011051008001031001KA1240N+02051MA1999999100931MD1999999+0031REMSYN016 333 20205 58003
0114825960999991993081618004-05650-035417FM-12+006199999V0200901N00571220001CN0040001N9+02891+02131101261ADDAA106000091AG14000GF102991001001999999001011MA1999999100531MD1999999+0001REMSYN010 333 58000EQDQ01+000022SCOTLC
0114825960999991993081712004-05650-035417FM-12+006199999V0201801N00511012001CN0040001N9+02661+02041101621ADDAA106000091AG14000GF107991071081008001001001KA1240N+02101MA1999999100881MD1999999-0051REMSYN016 333 20210 59005
0111825960999991993081918004-05650-035417FM-12+006199999V0201901N00621220001CN0040001N9+02961+01901101341ADDAA106000091AG14000GA1001+999999999GF100991001001999999001001MA1999999100611MD1999999+0021REMSYN010 333 58002
0095825960999991993082018004-05650-035417FM-12+006199999V0200901N00671007501CN0040001N9+02881+02081101421ADDAA106000091AG14000GF106991061011008001001001MA1999999100681MD1999999+0071REMSYN010 333 58007
0114825960999991993082112004-05650-035417FM-12+006199999V0200901N00461220001CN0040001N9+02771+02091101621ADDAA106000091AG14000GF104991041081008001001001KA1240N+02061MA1999999100881MD1999999-0081REMSYN016 333 20206 59008
0095825960999991993082118004-05650-035417FM-12+006199999V0201401N00511220001CN0040001N9+02931+01951101461ADDAA106000091AG14000GF101991011061008001001001MA1999999100721MD1999999+0041REMSYN010 333 58004
0114825960999991993082300004-05650-035417FM-12+006199999V0201801N00261220001CN9999999N9+02321+02071101641ADDAA106000091AG14000GF102991021061008001001001KA1240M+03101MA1999999100901MD1999999-0091REMSYN016 333 10310 59009
0142825960999991993082312004-05650-035417FM-12+006199999V0201801N00461007501CN0040001N9+02411+02261101421ADDAA124001091AG10001AY151061AY211061GF107991051071008001011999KA1240N+02031MA1999999100681MD1999999-0031MW1201REMSYN022 333 20203 59003 60014
0142825960999991993082412004-05650-035417FM-12+006199999V0201801N00411007501CN0040001N9+02541+02151101721ADDAA124001091AG10001AY151061AY221061GF107991051021008001011001KA1240N+02001MA1999999100981MD1999999+0101MW1031REMSYN022 333 20200 58010 60014
0123825960999991993082418004-05650-035417FM-12+006199999V0201801N00671045001CN0040001N9+02811+01861101371ADDAA106001091AG10001AY151061AY221061GF107991041031008001041001MA1999999100641MD1999999+0071MW1031REMSYN016 333 58007 60011
0120825960999991993082512004-05650-035417FM-12+006199999V0201401N004619999999N0040001N9+02671+02001101691ADDAA124001091AG10000GF108991041011008001999999KA1240N+02031MA1999999100951MD1999999-0031REMSYN022 333 20203 59003 60014
0095825960999991993082518004-05650-035417FM-12+006199999V0200901N00571220001CN0040001N9+02871+02011101441ADDAA106000091AG14000GF104991041011008001001001MA1999999100701MD1999999+0061REMSYN010 333 58006
0114825960999991993082612004-05650-035417FM-12+006199999V0201401N00461045001CN0040001N9+02881+02031101681ADDAA106000091AG14000GF105991041011008001061001KA1240N+02081MA1999999100941MD1999999-0011REMSYN016 333 20208 59001
0130825960999991993082700004-05650-035417FM-12+006199999V0201401N00261220001CN9999999N9+02371+02221101591ADDAA106000091AG14000GA1001+999999999GF100991001001999999001001KA1240M+03081MA1999999100851MD1999999+0001REMSYN016 333 10308 58000
0114825960999991993082712004-05650-035417FM-12+006199999V0200901N00511012001CN0040001N9+02791+02091101681ADDAA106000091AG14000GF107991071081008001001001KA1240N+02051MA1999999100941MD1999999+0001REMSYN016 333 20205 58000
0114825960999991993082812004-05650-035417FM-12+006199999V0201401N00511007501CN0040001N9+02881+01941101611ADDAA106000091AG14000GF106991061011008001001001KA1240N+01961MA1999999100871MD1999999-0071REMSYN016 333 20196 59007
0095825960999991993082818004-05650-035417FM-12+006199999V0200901N00621220001CN0040001N9+02881+01831101231ADDAA106000091AG14000GF102991011061008001001011MA1999999100501MD1999999+0041REMSYN010 333 58004
0130825960999991993082900004-05650-035417FM-12+006199999V0201401N00311220001CN9999999N9+02331+02021101441ADDAA106000091AG14000GA1001+999999999GF100991001001999999001001KA1240M+03091MA1999999100701MD1999999-0101REMSYN016 333 10309 59010
0114825960999991993082912004-05650-035417FM-12+006199999V0200901N00571012001CN0040001N9+02781+02041101531ADDAA106000091AG14000GF105991051081008001001001KA1240N+01971MA1999999100791MD1999999-0081REMSYN016 333 20197 59008
0111825960999991993083018004-05650-035417FM-12+006199999V0200901N00571220001CN0040001N9+03001+01841101071ADDAA106000091AG14000GA1001+999999999GF100991001001999999001001MA1999999100341MD1999999-0091REMSYN010 333 59009
0114825960999991993083112004-05650-035417FM-12+006199999V0200901N005119999999N0040001N9+02891+02101101521ADDAA106000091AG14000GF106991061001008001001001KA1240N+02051MA1999999100781MD1999999+0021REMSYN016 333 20205 58002
0107825960999991993083114004-05650-035417FM-12+006199999V0200201N02571220001CN0006001N9+99999+99999100872ADDAA199000391AG10999GF101991999041012501031021REMSYN016 333 580/5 6993/EQDQ01+000032SCOTLCQ02+100873APOSLP
0095825960999991993083118004-05650-035417FM-12+006199999V0200901N00571220001CN0040001N9+02941+02111101211ADDAA106000091AG14000GF102991021011008001001001MA1999999100481MD1999999+0141REMSYN010 333 58014
0114825960999991993090112004-05650-035417FM-12+006199999V0200901N00511012001CN0040001N9+02961+02101101541ADDAA106000091AG14000GF106991061081008001001001KA1240N+02051MA1999999100801MD1999999+0021REMSYN016 333 20205 58002
0114825960999991993090300004-05650-035417FM-12+006199999V0201401N00261220001CN9999999N9+02331+02051101611ADDAA106000091AG14000GF102991021021008001001001KA1240M+03071MA1999999100871MD1999999+0031REMSYN016 333 10307 58003
0114825960999991993090312004-05650-035417FM-12+006199999V0201401N00461045001CN0040001N9+02471+02131101671ADDAA106000091AG14000GF108991041081008001011999KA1240N+02011MA1999999100931MD1999999+0041REMSYN016 333 20201 58004
0134825960999991993090418004-05650-035417FM-12+006199999V0200901N00411045001CN0040001N9+02691+02061101331ADDAA106000691AA299000591AG10001AY151061AY221061GF107991021081008001061021MA1999999100601MD1999999-0011MW1021REMSYN016 333 59001 69961
0095825960999991993090518004-05650-035417FM-12+006199999V0200901N00511045001CN0040001N9+02811+02061101321ADDAA106000091AG14000GF106991031031008001061011MA1999999100591MD1999999-0011REMSYN010 333 59001
0114825960999991993090612004-05650-035417FM-12+006199999V0201401N00571045001CN0040001N9+02741+02171101541ADDAA106000091AG14000GF107991021071008001021001KA1240N+02021MA1999999100801MD1999999-0011REMSYN016 333 20202 59001
0142825960999991993090812004-05650-035417FM-12+006199999V0200901N00571012001CN0040001N9+02771+01891101481ADDAA124000391AG10001AY151061AY211061GF106991061081008001001001KA1240N+02061MA1999999100741MD1999999-0131MW1031REMSYN022 333 20206 59013 69934
0114825960999991993090912004-05650-035417FM-12+006199999V0201401N00621012001CN0040001N9+02791+01931101421ADDAA106000091AG14000GF105991051081008001001001KA1240N+02101MA1999999100681MD1999999-0061REMSYN016 333 20210 59006
0095825960999991993090918004-05650-035417FM-12+006199999V0201401N00511045001CN0040001N9+02831+01901101131ADDAA106000091AG14000GF106991021011008001031081MA1999999100401MD1999999-0111REMSYN010 333 59011
0142825960999991993091012004-05650-035417FM-12+006199999V0200901N00511012001CN0040001N9+02831+02021101491ADDAA124003091AG10001AY151061AY261061GF106991051081008001001021KA1240N+02031MA1999999100751MD1999999+0071MW1021REMSYN022 333 20203 58007 60034
0111825960999991993091018004-05650-035417FM-12+006199999V0200901N00621220001CN0040001N9+02981+01661101141ADDAA106000091AG14000GA1001+999999999GF100991001001999999001001MA1999999100411MD1999999-0021REMSYN010 333 59002
0114825960999991993091212004-05650-035417FM-12+006199999V0200901N00571012001CN0040001N9+02951+02031101551ADDAA106000091AG14000GF105991051081008001001001KA1240N+02021MA1999999100811MD1999999-0011REMSYN016 333 20202 59001
0142825960999991993091412004-05650-035417FM-12+006199999V0209999999999007501CN0040001N9+02771+01861101531ADDAA124000191AG10001AY151061AY211061GF106991061021008001001001KA1240N+02021MA1999999100791MD1999999-0061MW1031REMSYN022 333 20202 59006 69914
0114825960999991993091512004-05650-035417FM-12+006199999V0201401N00571007501CN0040001N9+02841+02041101631ADDAA106000091AG14000GF106991061071008001001001KA1240N+02021MA1999999100891MD1999999+0101REMSYN016 333 20202 58010
0130825960999991993091600004-05650-035417FM-12+006199999V0201401N00211220001CN9999999N9+02421+02191101561ADDAA106000091AG14000GA1001+999999999GF100991001001999999001001KA1240M+03111MA1999999100821MD1999999+0031REMSYN016 333 10311 58003
0114825960999991993091612004-05650-035417FM-12+006199999V0200901N00621220001CN0040001N9+02971+02021101611ADDAA106000091AG14000GF103991031011008001001001KA1240N+02061MA1999999100871MD1999999-0021REMSYN016 333 20206 59002
0095825960999991993091618004-05650-035417FM-12+006199999V0201401N00621220001CN0040001N9+03071+01961101101ADDAA106000091AG14000GF101991011061008001001001MA1999999100481MD1999999-0041REMSYN010 333 59004
0114825960999991993091712004-05650-035417FM-12+006199999V0200901N00621012001CN0040001N9+02961+01991101521ADDAA106000091AG14000GF105991051081008001001001KA1240N+02041MA1999999100791MD1999999-0081REMSYN016 333 20204 59008
0095825960999991993091718004-05650-035417FM-12+006199999V0200901N00721220001CN0040001N9+03001+02001101111ADDAA106000091AG14000GF102991021011008001001001MA1999999100381MD1999999-0101REMSYN010 333 59010
0114825960999991993091812004-05650-035417FM-12+006199999V0201401N00571007501CN0040001N9+02851+02011101351ADDAA106000091AG14000GF106991061011008001001001KA1240N+02111MA1999999100631MD1999999-0161REMSYN016 333 20211 59016
0114825960999991993091900004-05650-035417FM-12+006199999V0200901N00211220001CN9999999N9+02331+02051101261ADDAA106000091AG14000GF102991021061008001001001KA1240M+03171MA1999999100531MD1999999-0131REMSYN016 333 10317 59013
0114825960999991993091912004-05650-035417FM-12+006199999V0200901N00571007501CN0040001N9+02931+02011101261ADDAA106000091AG14000GF106991061021008001001001KA1240N+02021MA1999999100531MD1999999-0101REMSYN016 333 20202 59010
0047825960999991993092021004-05650-035417FM-12+006199999V0200201N02571220001CN0006001N9+99999+99999100451ADDAA106000091AG14000GF101991011051001501031001
0149825960999991993092100004-05650-035417FM-12+006199999V0201401N00101220001CN9999999N9+02401+02191101232ADDAA106000091AG14000GA1001+999999999GF100991001001999999001001KA1240M+03131MA1999999100501MD1999999-0031REMSYN016 333 10313 59003EQDQ01+101233APOSLP
0114825960999991993092112004-05650-035417FM-12+006199999V0200501N00461105001CN0040001N9+02971+02071101511ADDAA106000091AG14000GF106991041081008001001021KA1240N+02151MA1999999100781MD1999999+0221REMSYN016 333 20215 58022
0114825960999991993092212004-05650-035417FM-12+006199999V0201401N00411012001CN0040001N9+02881+02081101331ADDAA106000091AG14000GF106991061081008001001001KA1240N+01951MA1999999100601MD1999999-0181REMSYN016 333 20195 59018
0095825960999991993092218004-05650-035417FM-12+006199999V0201401N00621007501CN0040001N9+02991+02041101031ADDAA106000091AG14000GF105991051011008001001001MA1999999100301MD1999999+0001REMSYN010 333 58000
0095825960999991993092318004-05650-035417FM-12+006199999V0201401N00571220001CN0040001N9+02911+02021100951ADDAA106000091AG14000GF101991011081008001001001MA1999999100261MD1999999-0081REMSYN010 333 59008
0153825960999991993092412004-05650-035417FM-12+006199999V0200901N00511012001CN0040001N9+02981+02011101321ADDAA124000291AA299000191AG10001AY151061AY211061GF106991061081008001001001KA1240N+02121MA1999999100601MD1999999+0001MW1021REMSYN022 333 20212 58000 69924
0111825960999991993092518004-05650-035417FM-12+006199999V0200901N00511220001CN0040001N9+03001+01881101081ADDAA106000091AG14000GA1001+999999999GF100991001001999999001001MA1999999100361MD1999999+0031REMSYN010 333 58003
0130825960999991993092600004-05650-035417FM-12+006199999V0200901N00101220001CN9999999N9+02381+02191101361ADDAA106000091AG14000GA1001+999999999GF100991001001999999001001KA1240M+03141MA1999999100641MD1999999+0081REMSYN016 333 10314 58008
0114825960999991993092612004-05650-035417FM-12+006199999V0200501N00311012001CN0040001N9+02861+02091101521ADDAA106000091AG14000GF106991061081008001001001KA1240N+02001MA1999999100791MD1999999+0091REMSYN016 333 20200 58009
0095825960999991993092718004-05650-035417FM-12+006199999V0200901N006719999999N0040001N9+02961+02071101001ADDAA106000091AG14000GF106991041001012501031091MA1999999100281MD1999999-0091REMSYN010 333 59009
0114825960999991993092812004-05650-035417FM-12+006199999V0209999999999007501CN0040001N9+02881+01971101391ADDAA106000091AG14000GF106991061021008001001001KA1240N+02141MA1999999100661MD1999999-0071REMSYN016 333 20214 59007
0111825960999991993092818004-05650-035417FM-12+006199999V0200901N00621220001CN0040001N9+03021+01921100961ADDAA106000091AG14000GA1001+999999999GF100991001001999999001001MA1999999100241MD1999999-0041REMSYN010 333 59004
0130825960999991993092900004-05650-035417FM-12+006199999V0200901N00261220001CN9999999N9+02451+02171101251ADDAA106000091AG14000GA1001+999999999GF100991001001999999001001KA1240M+03151MA1999999100531MD1999999-0101REMSYN016 333 10315 59010
0114825960999991993092912004-05650-035417FM-12+006199999V0200901N00621012001CN0040001N9+02951+02031101341ADDAA106000091AG14000GF106991061081008001001001KA1240N+02001MA1999999100621MD1999999-0041REMSYN016 333 20200 59004
0095825960999991993092918004-05650-035417FM-12+006199999V0200901N00571007501CN0040001N9+02921+02011101011ADDAA106000091AG14000GF105991051011008001001001MA1999999100281MD1999999+0041REMSYN010 333 58004
0114825960999991993093012004-05650-035417FM-12+006199999V0200901N00511007501CN0040001N9+02991+01981101351ADDAA106000091AG14000GF105991051011008001001001KA1240N+02031MA1999999100631MD1999999+0011REMSYN016 333 20203 58001
0095825960999991993093018004-05650-035417FM-12+006199999V0200901N00571105001CN0040001N9+02941+01941101051ADDAA106000091AG14000GF106991041011008001001021MA1999999100321MD1999999+0041REMSYN010 333 58004
0114825960999991993100112004-05650-035417FM-12+006199999V0200501N00671012001CN0040001N9+02501+01891101331ADDAA106000091AG14000GF106991061081008001001001KA1240N+02091MA1999999100611MD1999999-0031REMSYN016 333 20209 59003
0153825960999991993100200004-05650-035417FM-12+006199999V0201801N00311007501CN9999999N9+02411+02221101341ADDAA106000691AA299000591AG10000AY121061AY221061GF108991081071008001999999KA1240M+03161MA1999999100621MD1999999+0031MW1201REMSYN022 333 10316 58003 69961
0142825960999991993100212004-05650-035417FM-12+006199999V0200901N00461045001CN0040001N9+02851+02331101361ADDAA124006091AG10006AY161061AY251061GF107991041081008001031091KA1240N+02281MA1999999100631MD1999999+0021MW1031REMSYN022 333 20228 58002 60064
0114825960999991993100612004-05650-035417FM-12+006199999V0200501N00361012001CN0040001N9+02951+02111101481ADDAA106000091AG14000GF106991061081008001001001KA1240N+02081MA1999999100761MD1999999-0011REMSYN016 333 20208 59001
0095825960999991993100718004-05650-035417FM-12+006199999V0200501N00461220001CN0040001N9+02991+02091101101ADDAA106000091AG14000GF103991031051008001001001MA1999999100331MD1999999-0081REMSYN010 333 59008
0095825960999991993100918004-05650-035417FM-12+006199999V0201401N00621220001CN0040001N9+03001+02051101271ADDAA106000091AG14000GF103991031011008001001001MA1999999100551MD1999999+0181REMSYN010 333 58018
0114825960999991993101100004-05650-035417FM-12+006199999V0201401N00211220001CN9999999N9+02451+02231101611ADDAA106000091AG14000GF101991011061008001001001KA1240M+03221MA1999999100881MD1999999+0071REMSYN016 333 10322 58007
0142825960999991993101112004-05650-035417FM-12+006199999V0201401N00571007501CN0040001N9+02781+02181101571ADDAA124002091AG10006AY161061AY251061GF107991071021008001001001KA1240N+02191MA1999999100831MD1999999-0021MW1031REMSYN022 333 20219 59002 60024
0114825960999991993101312004-05650-035417FM-12+006199999V0200901N00461012001CN0040001N9+03021+99999101411ADDAA106000091AG14000GF105991051081008001001001KA1240N+02121MA1999999100681MD1999999-0081REMSYN016 333 20212 59008
0095825960999991993101318004-05650-035417FM-12+006199999V0201401N00621220001CN0040001N9+02991+01981101171ADDAA106000091AG14000GF103991021011008001001061MA1999999100441MD1999999+0011REMSYN010 333 58001
0095825960999991993101418004-05650-035417FM-12+006199999V0200901N00771105001CN0040001N9+02901+01991101111ADDAA106000091AG14000GF106991041011008001001031MA1999999100381MD1999999-0061REMSYN010 333 59006
0114825960999991993101512004-05650-035417FM-12+006199999V0201401N00621012001CN0040001N9+03061+01961101351ADDAA106000091AG14000GF106991061081008001001001KA1240N+02121MA1999999100631MD1999999-0071REMSYN016 333 20212 59007
0114825960999991993101518004-05650-035417FM-12+006199999V0201401N005719999999N0040001N9+03001+01971101211ADDAA106000091AG14000GF106991999011008001001001MA1999999100491MD1999999-0061REMSYN010 333 59006EQDQ01+000042SCOTLC
0095825960999991993101618004-05650-035417FM-12+006199999V0200901N00671220001CN0040001N9+03041+01911100911ADDAA106000091AG14000GF102991021011008001001001MA1999999100191MD1999999-0031REMSYN010 333 59003
0153825960999991993101700004-05650-035417FM-12+006199999V0201401N00411007501CN9999999N9+02451+02301101291ADDAA106000891AA299001091AG10000AY121061AY221061GF107991071071008001999999KA1240M+03191MA1999999100561MD1999999-0031MW1201REMSYN022 333 10319 59003 69981
0142825960999991993101712004-05650-035417FM-12+006199999V0201401N00511007501CN0040001N9+02721+02341101261ADDAA124015091AG10006AY161061AY251061GF108991051071008001011999KA1240N+02221MA1999999100531MD1999999-0021MW1161REMSYN022 333 20222 59002 60154
0123825960999991993101718004-05650-035417FM-12+006199999V0201401N00511007501CN0040001N9+02871+02871101001ADDAA199000391AG10001AY151061AY221061GF106991051021008001061001MA1999999100271MD1999999+0081MW1021REMSYN016 333 58008 6993/
0120825960999991993101800004-05650-035417FM-12+006199999V0201401N00311007501CN9999999N9+02381+02121101321ADDAA106015091AG10006GF108991081071008001999999KA1240M+03031MA1999999100591MD1999999+0031REMSYN022 333 10303 58003 60151
0142825960999991993101812004-05650-035417FM-12+006199999V0200901N00571007501CN0040001N9+02481+02301101471ADDAA124028091AG10006AY161061AY251061GF108991051071008001011999KA1240N+02201MA1999999100751MD1999999+0221MW1141REMSYN022 333 20220 58022 60284
0114825960999991993102100004-05650-035417FM-12+006199999V0201401N00311220001CN9999999N9+02521+02171101091ADDAA106000091AG14000GF101991011011008001001001KA1240M+03151MA1999999100371MD1999999-0071REMSYN016 333 10315 59007
0153825960999991993102112004-05650-035417FM-12+006199999V0200901N00621045001CN0040001N9+02881+02231101181ADDAA124000291AA299000191AG10001AY151061AY221061GF107991041021008001061081KA1240N+02161MA1999999100461MD1999999+0101MW1031REMSYN022 333 20216 58010 69924
0114825960999991993102212004-05650-035417FM-12+006199999V0200901N00571012001CN0040001N9+02891+02231101211ADDAA106000091AG14000GF107991071081008001001001KA1240N+02451MA1999999100491MD1999999+0031REMSYN016 333 20245 58003
0095825960999991993102218004-05650-035417FM-12+006199999V0200901N00101220001CN0040001N9+02961+02051100961ADDAA106000091AG14000GF102991021011008001001001MA1999999100241MD1999999+0041REMSYN010 333 58004
0114825960999991993102312004-05650-035417FM-12+006199999V0200901N00621007501CN0040001N9+03941+02191101381ADDAA106000091AG14000GF106991051021008001001011KA1240N+02381MA1999999100651MD1999999+0161REMSYN016 333 20238 58016
0095825960999991993102318004-05650-035417FM-12+006199999V0201401N00671220001CN0040001N9+02981+02241101091ADDAA106000091AG14000GF106991041021008001001011MA1999999100371MD1999999+0131REMSYN010 333 58013
0130825960999991993102500004-05650-035417FM-12+006199999V0200901N00261220001CN9999999N9+02541+02171101221ADDAA106000091AG14000GA1001+999999999GF100991001001999999001001KA1240M+03111MA1999999097501MD1999999-0131REMSYN016 333 10311 59013
0114825960999991993102512004-05650-035417FM-12+006199999V0200901N00621007501CN0040001N9+02891+02081101881ADDAA106000091AG14000GF108991051021008001061021KA1240N+02251MA1999999100562MD1999999-0061REMSYN016 333 20225 59006
0153825960999991993102612004-05650-035417FM-12+006199999V0201401N00621007501CN0040001N9+02871+02281101341ADDAA124000891AA299001091AG10001AY151061AY221061GF106991061021008001001001KA1240N+02251MA1999999100621MD1999999+0061MW1031REMSYN022 333 20225 58006 69984
0153825960999991993102712004-05650-035417FM-12+006199999V0201401N00511045001CN0040001N9+02861+02231101321ADDAA124000491AA299000591AG10001AY151061AY221061GF107991031021008001081081KA1240N+02331MA1999999100601MD1999999-0061MW1021REMSYN022 333 20233 59006 69944
0095825960999991993102718004-05650-035417FM-12+006199999V0201401N00671220001CN0040001N9+02961+02131100971ADDAA106000091AG14000GF103991031011008001001001MA1999999100251MD1999999-0051REMSYN010 333 59005
0114825960999991993102900004-05650-035417FM-12+006199999V0201401N00461220001CN9999999N9+02601+02271101491ADDAA106000091AG14000GF103991031021008001001001KA1240M+03091MA1999999100751MD1999999-0181REMSYN016 333 10309 59018
0095825960999991993102918004-05650-035417FM-12+006199999V0201401N00721105001CN0040001N9+02941+02081101221ADDAA106000091AG14000GF105991041081008001001021MA1999999100491MD1999999+0041REMSYN010 333 58004
0142825960999991993103012004-05650-035417FM-12+006199999V0201401N00771105001CN0040001N9+02871+02011101391ADDAA124000191AG10001AY151061AY221061GF106991041081008001001021KA1240N+02191MA1999999100661MD1999999-0101MW1031REMSYN022 333 20219 59010 69914
0153825960999991993103112004-05650-035417FM-12+006199999V0201401N00621045001CN0040001N9+02821+02051101411ADDAA124000291AA299000191AG10001AY151061AY221061GF108991031081008001011051KA1240N+02271MA1999999100681MD1999999+0021MW1021REMSYN022 333 20227 58002 69924
0114825960999991993110112004-05650-035417FM-12+006199999V0201401N00621105001CN0040001N9+02961+01991101391ADDAA106000091AG14000GF106991041021008001001021KA1240N+02241MA1999999100661MD1999999-0021REMSYN016 333 20224 59002
0114825960999991993110212004-05650-035417FM-12+006199999V0201401N00461007501CN0040001N9+02881+02181101431ADDAA106000091AG14000GF107991071021008001001001KA1240N+02231MA1999999100701MD1999999+0061REMSYN016 333 20223 58006
0095825960999991993110218004-05650-035417FM-12+006199999V0201401N00671007501CN0040001N9+02961+02211101181ADDAA106000091AG14000GF106991061021008001001001MA1999999100451MD1999999+0031REMSYN010 333 58003
0095825960999991993110318004-05650-035417FM-12+006199999V0200901N00571105001CN0040001N9+02931+02091101161ADDAA106000091AG14000GF105991041021008001001021MA1999999100431MD1999999-0021REMSYN010 333 59002
0142825960999991993110512004-05650-035417FM-12+006199999V0201401N00621007501CN0040001N9+02941+02191101281ADDAA124000391AG10001AY151061AY211061GF108991051021008001011031KA1240N+02321MA1999999100561MD1999999-0061MW1021REMSYN022 333 20232 59006 69934
0095825960999991993110518004-05650-035417FM-12+006199999V0200901N00621045001CN0040001N9+02991+02281101021ADDAA106000091AG14000GF106991031011008001051031MA1999999100301MD1999999+0031REMSYN010 333 58003
0153825960999991993110712004-05650-035417FM-12+006199999V0201401N00571045001CN0040001N9+03011+02031101441ADDAA124000291AA299000191AG10001AY151061AY221061GF107991031081008001071031KA1240N+02301MA1999999100711MD1999999+0081MW1031REMSYN022 333 20230 58008 69924
0095825960999991993110718004-05650-035417FM-12+006199999V0201401N00511220001CN0040001N9+03061+02191101191ADDAA106000091AG14000GF101991011011008001001001MA1999999100471MD1999999+0011REMSYN010 333 58001
0142825960999991993110812004-05650-035417FM-12+006199999V0201401N00571007501CN0040001N9+02771+02341101231ADDAA124005091AG10007AY161061AY251061GF107991071021008001001001KA1240N+02301MA1999999095001MD1999999-0211MW1031REMSYN022 333 20230 59021 60054
0114825960999991993110818004-05650-035417FM-12+006199999V0200101N00621045001CN0040001N9+02911+02251100961ADDAA106000091AG14000GF107991031021008001071081MA1999999100232MD1999999-0241REMSYN010 333 59024EQDQ01+100233APOSP 
0142825960999991993110912004-05650-035417FM-12+006199999V0201401N00621045001CN0040001N9+02701+02371101201ADDAA124001091AG10001AY151061AY251061GF108991031071008001061031KA1240N+02121MA1999999100471MD1999999-0031MW1501REMSYN022 333 20212 59003 60014
0095825960999991993111018004-05650-035417FM-12+006199999V0201401N00821220001CN0040001N9+02961+02081100801ADDAA106000091AG14000GF103991031021008001001001MA1999999100071MD1999999-0031REMSYN010 333 59003
0114825960999991993111112004-05650-035417FM-12+006199999V0201401N00671012001CN0040001N9+02881+01971101181ADDAA106000091AG14000GF106991061081008001001001KA1240N+02211MA1999999100461MD1999999+0101REMSYN016 333 20221 58010
0095825960999991993111118004-05650-035417FM-12+006199999V0201401N00771105001CN0040001N9+02911+01691100911ADDAA106000091AG14000GF105991021011008001001031MA1999999100181MD1999999+0111REMSYN010 333 58011
0114825960999991993111212004-05650-035417FM-12+006199999V0201401N00621220001CN0040001N9+03011+01941101181ADDAA106000091AG14000GF105991031021008001001061KA1240N+02201MA1999999100461MD1999999+0001REMSYN016 333 20220 58000
0130825960999991993111300004-05650-035417FM-12+006199999V0200901N00361220001CN9999999N9+02571+02151101281ADDAA106000091AG14000GA1001+999999999GF100991001001999999001001KA1240M+03171MA1999999100561MD1999999+0041REMSYN016 333 10317 58004
0114825960999991993111312004-05650-035417FM-12+006199999V0201401N00671045001CN0040001N9+02961+01991101231ADDAA106000091AG14000GF107991041021008001061061KA1240N+02201MA1999999100511MD1999999+0051REMSYN016 333 20220 58005
0095825960999991993111318004-05650-035417FM-12+006199999V0201401N00671045001CN0040001N9+02921+02091100931ADDAA106000091AG14000GF107991021011008001031081MA1999999100201MD1999999+0001REMSYN010 333 58000
0130825960999991993111600004-05650-035417FM-12+006199999V0200901N00261220001CN9999999N9+02521+02211101011ADDAA106000091AG14000GA1001+999999999GF100991001001999999001001KA1240M+03151MA1999999100291MD1999999-0011REMSYN016 333 10315 59001
0114825960999991993111612004-05650-035417FM-12+006199999V0200501N00571105001CN0040001N9+02921+02071100991ADDAA106000091AG14000GF106991041021008001001021KA1240N+02191MA1999999100271MD1999999+0021REMSYN016 333 20219 58002
0095825960999991993111618004-05650-035417FM-12+006199999V0200901N00671220001CN0040001N9+02961+02151100801ADDAA106000091AG14000GF108991031011008001001041MA1999999100771MD1999999-0031REMSYN010 333 59003
0114825960999991993111712004-05650-035417FM-12+006199999V0200901N00511045001CN0040001N9+03001+02001101001ADDAA106000091AG14000GF108991031011008001031061KA1240N+02251MA1999999100281MD1999999+0011REMSYN016 333 20225 58001
0095825960999991993111718004-05650-035417FM-12+006199999V0200901N00511105001CN0040001N9+02901+02101100791ADDAA106000091AG14000GF108991011011008001001061MA1999999100071MD1999999+0001REMSYN010 333 58000
0095825960999991993111918004-05650-035417FM-12+006199999V0200901N00571105001CN0040001N9+03071+02111100741ADDAA106000091AG14000GF106991041021008001001021MA1999999100021MD1999999+0011REMSYN010 333 58001
0114825960999991993112012004-05650-035417FM-12+006199999V0200901N00461045001CN0040001N9+03001+02111101041ADDAA106000091AG14000GF107991031081008001041081KA1240N+02341MA1999999100321MD1999999+0061REMSYN016 333 20234 58006
0095825960999991993112018004-05650-035417FM-12+006199999V0200901N00721220001CN0040001N9+03031+02211100741ADDAA106000091AG14000GF102991021011008001001001MA1999999100021MD1999999+0001REMSYN010 333 58000
0114825960999991993112112004-05650-035417FM-12+006199999V0201401N00511012001CN0040001N9+03071+02071101111ADDAA106000091AG14000GF106991061081008001001001KA1240N+02351MA1999999100391MD1999999+0071REMSYN016 333 20235 58007
0095825960999991993112218004-05650-035417FM-12+006199999V0200901N00621220001CN0040001N9+03521+02031100971ADDAA106000091AG14000GF102991021011008001001001MA1999999100251MD1999999+0101REMSYN010 333 58010
0142825960999991993112312004-05650-035417FM-12+006199999V0201401N00671007501CN0040001N9+02971+02191101271ADDAA124000391AG10001AY151061AY221061GF107991071021008001001001KA1240N+02341MA1999999100551MD1999999+0101MW1031REMSYN022 333 20234 58010 69934
0095825960999991993112318004-05650-035417FM-12+006199999V0200901N00721220001CN0040001N9+03021+01991101011ADDAA106000091AG14000GF104991041081008001001001MA1999999100291MD1999999+0041REMSYN010 333 58004
0142825960999991993112412004-05650-035417FM-12+006199999V0201401N00511045001CN0040001N9+02681+02561101171ADDAA124003091AG10007AY161061AY251061GF107991041071008001091061KA1240N+02291MA1999999100441MD1999999-0111MW1201REMSYN022 333 20229 59011 60034
0114825960999991993112500004-05650-035417FM-12+006199999V0201401N00361220001CN9999999N9+02551+02231101141ADDAA106000091AG14000GF102991001001999999001091KA1240M+03061MA1999999100411MD1999999-0101REMSYN016 333 10306 59010
0142825960999991993112512004-05650-035417FM-12+006199999V0201401N00461007501CN0040001N9+02481+02391101121ADDAA124002091AG10007AY161061AY251061GF108991061071008001011999KA1240N+02241MA1999999100391MD1999999-0051MW1601REMSYN022 333 20224 59005 60024
0134825960999991993112518004-05650-035417FM-12+006199999V0201401N00621045001CN0040001N9+02441+02191100791ADDAA106000291AA299000191AG10001AY151061AY221061GF107991031021008001041061MA1999999100061MD1999999-0051MW1021REMSYN016 333 59005 69921
0131825960999991993112612004-05650-035417FM-12+006199999V0201401N00621045001CN0040001N9+02981+02171101171ADDAA124000291AA299000191AG10000GF106991041081008001061001KA1240N+02271MA1999999100451MD1999999+0061REMSYN022 333 20227 58006 69924
0095825960999991993112618004-05650-035417FM-12+006199999V0201401N00571007501CN0040001N9+03001+02191100831ADDAA106000091AG14000GF105991051011008001001001MA1999999100111MD1999999+0051REMSYN010 333 58005
0153825960999991993112712004-05650-035417FM-12+006199999V0200501N00511007501CN0040001N9+02831+02331101281ADDAA124000491AA299000591AG10001AY151061AY211061GF107991071021008001001001KA1240N+02341MA1999999100561MD1999999+0111MW1201REMSYN022 333 20234 58011 69944
0095825960999991993112718004-05650-035417FM-12+006199999V0200901N00571007501CN0040001N9+03061+02221100901ADDAA106000091AG14000GF105991051021008001001001MA1999999100181MD1999999+0111REMSYN010 333 58011
0114825960999991993112812004-05650-035417FM-12+006199999V0201401N00511007501CN0040001N9+03041+02151101191ADDAA106000091AG14000GF106991061021008001001001KA1240N+02241MA1999999100471MD1999999-0081REMSYN016 333 20224 59008
0114825960999991993112912004-05650-035417FM-12+006199999V0200901N00461007501CN0040001N9+02841+02221101161ADDAA106000091AG14000GF107991061021008001061001KA1240N+02261MA1999999100441MD1999999-0031REMSYN016 333 20226 59003
0095825960999991993112918004-05650-035417FM-12+006199999V0200901N00671220001CN0040001N9+03031+02091100871ADDAA106000091AG14000GF102991021011008001001001MA1999999100081MD1999999-0041REMSYN010 333 59004
0095825960999991993120118004-05650-035417FM-12+006199999V0201401N00511220001CN0040001N9+03001+02051100981ADDAA106000091AG14000GF104991021011008001001031MA1999999100261MD1999999+0111REMSYN010 333 58011
0114825960999991993120212004-05650-035417FM-12+006199999V0201401N00511007501CN0040001N9+03011+02141101121ADDAA106000091AG14000GF106991061021008001001001KA1240N+02231MA1999999100401MD1999999-0041REMSYN016 333 20223 59004
0095825960999991993120218004-05650-035417FM-12+006199999V0200901N00721012001CN0040001N9+03091+02101100851ADDAA106000091AG14000GF105991051081008001001001MA1999999100131MD1999999-0131REMSYN010 333 59013
0095825960999991993120418004-05650-035417FM-12+006199999V0200901N00511220001CN0040001N9+03081+02031101761ADDAA106000091AG14000GF102991021011008001001001MA1999999100041MD1999999-0141REMSYN010 333 59014
0114825960999991993120712004-05650-035417FM-12+006199999V0201401N00571105001CN0040001N9+03041+01971101191ADDAA106000091AG14000GF106991031081008001001021KA1240N+02301MA1999999100471MD1999999+0051REMSYN016 333 20230 58005
0114825960999991993120812004-05650-035417FM-12+006199999V0201401N00511007501CN0040001N9+03011+02031101271ADDAA106000091AG14000GF107991071021008001001001KA1240N+02261MA1999999100551MD1999999+0081REMSYN016 333 20226 58008
0095825960999991993120818004-05650-035417FM-12+006199999V0201401N00571220001CN0040001N9+03071+02021101011ADDAA106000091AG14000GF102991021011008001001001MA1999999100291MD1999999+0041REMSYN010 333 58004
0114825960999991993120900004-05650-035417FM-12+006199999V0201401N00261220001CN9999999N9+02591+02371101251ADDAA106000091AG14000GF104991041061008001001001KA1240M+03281MA1999999100531MD1999999+0081REMSYN016 333 10328 58008
0114825960999991993120912004-05650-035417FM-12+006199999V0201401N00571012001CN0040001N9+02951+02111101201ADDAA106000091AG14000GF106991061081008001001001KA1240N+02241MA1999999100481MD1999999-0071REMSYN016 333 20224 59007
0095825960999991993120918004-05650-035417FM-12+006199999V0201401N00671007501CN0040001N9+03071+02111100931ADDAA106000091AG14000GF105991051011008001001001MA1999999100211MD1999999-0081REMSYN010 333 59008
0153825960999991993121012004-05650-035417FM-12+006199999V0200901N00461045001CN0040001N9+02781+02361101241ADDAA124000891AA299001091AG10001AY151061AY211061GF108991041031008001061061KA1240N+02421MA1999999100521MD1999999+0041MW1201REMSYN022 333 20242 58004 69984
0095825960999991993121018004-05650-035417FM-12+006199999V0201401N00671220001CN0040001N9+03081+02131100951ADDAA106000091AG14000GF104991041011008001001001MA1999999100231MD1999999+0031REMSYN010 333 58003
0130825960999991993121100004-05650-035417FM-12+006199999V0201401N00311220001CN9999999N9+02651+02251101171ADDAA106000091AG14000GA1001+999999999GF100991001001999999001001KA1240M+03251MA1999999100451MD1999999-0091REMSYN016 333 10325 59009
0153825960999991993121112004-05650-035417FM-12+006199999V0200901N00511045001CN0040001N9+03021+02211101191ADDAA124000491AA299000591AG10001AY151061AY211061GF106991031081008001031031KA1240N+02381MA1999999100471MD1999999-0051MW1021REMSYN022 333 20238 59005 69944
0133825960999991993121212004-05650-035417FM-12+006199999V0200501N004619999999N0040001N9+03031+02161100951ADDAA106000091AG14000GF106991999011008001001001KA1240N+02361MA1999999100231MD1999999-0241REMSYN016 333 20236 59024EQDQ01+000042SCOTLC
0095825960999991993121318004-05650-035417FM-12+006199999V0201401N00671220001CN0040001N9+03031+01931100741ADDAA106000091AG14000GF106991031011008001001061MA1999999100021MD1999999-0011REMSYN010 333 59001
0130825960999991993121400004-05650-035417FM-12+006199999V0200901N00211220001CN9999999N9+02481+02091101311ADDAA106000091AG14000GA1001+999999999GF100991001001999999001001KA1240M+03181MA1999999100291MD1999999-0091REMSYN016 333 10318 59009
0114825960999991993121412004-05650-035417FM-12+006199999V0200901N00621012001CN0040001N9+02971+02071101061ADDAA106000091AG14000GF106991061081008001001001KA1240N+02311MA1999999100341MD1999999+0061REMSYN016 333 20231 58006
0095825960999991993121418004-05650-035417FM-12+006199999V0200901N00511220001CN0040001N9+03101+01971100841ADDAA106000091AG14000GF101991011011008001001001MA1999999100121MD1999999+0101REMSYN010 333 58010
0095825960999991993121618004-05650-035417FM-12+006199999V0201401N00571105001CN0040001N9+03131+01601100811ADDAA106000091AG14000GF106991001001999999001021MA1999999100091MD1999999+0001REMSYN010 333 58000
0114825960999991993121712004-05650-035417FM-12+006199999V0200901N00511012001CN0040001N9+02961+02101101091ADDAA106000091AG14000GF107991061081008001001021KA1240N+02151MA1999999100371MD1999999-0021REMSYN016 333 20215 59002
0095825960999991993121718004-05650-035417FM-12+006199999V0200901N00461105001CN0040001N9+03081+02041100791ADDAA106000091AG14000GF105991031011008001001021MA1999999100071MD1999999-0021REMSYN010 333 59002
0114825960999991993121912004-05650-035417FM-12+006199999V0201401N00511007501CN0040001N9+02951+02111101201ADDAA106000091AG14000GF107991071021008001001001KA1240N+02431MA1999999100471MD1999999+0051REMSYN016 333 20243 58005
0095825960999991993122118004-05650-035417FM-12+006199999V0200901N00621105001CN0040001N9+03151+01971100881ADDAA106000091AG14000GF105991001001999999001031MA1999999100861MD1999999-0041REMSYN010 333 59004
0114825960999991993122212004-05650-035417FM-12+006199999V0201401N00461007501CN0040001N9+02951+02191101241ADDAA106000091AG14000GF107991051021008001001051KA1240N+02231MA1999999100521MD1999999+0001REMSYN016 333 20223 58000
0114825960999991993122412004-05650-035417FM-12+006199999V0200901N00461012001CN0040001N9+02981+02151101121ADDAA106000091AG14000GF106991061081008001001001KA1240N+02291MA1999999100401MD1999999-0031REMSYN016 333 20229 59003
0120825960999991993122612004-05650-035417FM-12+006199999V0201801N00211045001CN0040001N9+02831+02271101181ADDAA124001091AG10000GF108991041021008001011999KA1240N+02281MA1999999100461MD1999999-0051REMSYN022 333 20228 59005 60014
0134825960999991993122718004-05650-035417FM-12+006199999V0200901N00621045001CN0040001N9+03131+02171100821ADDAA106000491AA299000591AG10001AY151061AY221061GF107991021011008001011031MA1999999100191MD1999999+0061MW1031REMSYN016 333 58006 69941
0131825960999991993122812004-05650-035417FM-12+006199999V0200901N00571045001CN0040001N9+02981+02121101251ADDAA124000491AA299000591AG10000GF108991031011008001011999KA1240N+02381MA1999999100531MD1999999+0031REMSYN022 333 20238 58003 69944
0095825960999991993122918004-05650-035417FM-12+006199999V0201401N00511105001CN0040001N9+03071+02191100841ADDAA106000091AG14000GF105991021011008001001031MA1999999100121MD1999999-0081REMSYN010 333 59008
0114825960999991993123012004-05650-035417FM-12+006199999V0201401N00621220001CN0040001N9+03061+02171101131ADDAA106000091AG14000GF102991021011008001001001KA1240N+02251MA1999999100411MD1999999+0051REMSYN016 333 20225 58005
0114825960999991993123112004-05650-035417FM-12+006199999V0200901N00461007501CN0040001N9+02941+02311101151ADDAA106000091AG14000GF108991051031008001031051KA1240N+02331MA1999999100431MD1999999+0021REMSYN016 333 20233 58002
0095825960999991993123118004-05650-035417FM-12+006199999V0200901N00621220001CN0040001N9+03151+02301100871ADDAA106000091AG14000GF104991041001017501051001MA1999999100151MD1999999-0031REMSYN010 333 59003
