0115821980999991996010112004-01717-045400FM-12+004499999V0200901N00211220001CN0100001N1+02761+02621101061ADDAA106000091AG10000GF104991031021017501001011KA1240N+02521MA1999999100551MD1999999-0081REMSYN017 333 20252 59008;
0115821980999991996010212004-01717-045400FM-12+004499999V0200501N00311220001CN0100001N1+02841+02731101051ADDAA106000091AG10000GF103991031021017501001001KA1240N+02441MA1999999100541MD1999999-0011REMSYN017 333 20244 59001;
0096821980999991996010218004-01717-045400FM-12+004499999V0200501N00511220001CN0100001N1+03211+02721100701ADDAA106000091AG10000GF104991041021017501001001MA1999999100191MD1999999-0071REMSYN011 333 59007;
0115821980999991996010312004-01717-045400FM-12+004499999V0200501N00361220001CN0100001N1+02891+02681100991ADDAA106000091AG10000GF104991041021017501001001KA1240N+02521MA1999999100481MD1999999-0061REMSYN017 333 20252 59006;
0096821980999991996010318004-01717-045400FM-12+004499999V0200501N00721220001CN0100001N1+03091+02791100791ADDAA106000091AG10000GF104991041021017501001001MA1999999100281MD1999999+0051REMSYN011 333 58005;
0115821980999991996010412004-01717-045400FM-12+004499999V0200501N00311015001CN0100001N1+02901+02661101041ADDAA106000091AG10000GF106991061021017501001001KA1240N+02541MA1999999100531MD1999999+0051REMSYN017 333 20254 58005;
0124821980999991996010418004-01717-045400FM-12+004499999V0200501N00361015001CN0100001N1+02671+02521100781ADDAA106000591AG10001AY151061AY221061GF108991051051017501041001MA1999999100271MD1999999+0031MW1021REMSYN017 333 58003 69941;
0143821980999991996010512004-01717-045400FM-12+004499999V0202301N00151045001CN0100001N1+02481+02431101041ADDAA124002091AG10006AY161061AY221061GF108991031021017501031011KA1240N+02321MA1999999100531MD1999999+0001MW1021REMSYN023 333 20232 58000 60024;
0124821980999991996010518004-01717-045400FM-12+004499999V0203201N00101045001CN0100001N1+02661+02601100771ADDAA106006091AG10006AY161061AY221061GF108991031051017501041001MA1999999100261MD1999999-0011MW1021REMSYN017 333 59001 60061;
0143821980999991996010612004-01717-045400FM-12+004499999V0202301N00101015001CN0100001N1+02291+02251101101ADDAA124022091AG10006AY161061AY251061GF108991051051017501021001KA1240N+02221MA1999999100581MD1999999+0051MW1621REMSYN023 333 20222 58005 60224;
0121821980999991996010812004-01717-045400FM-12+004499999V0201401N00101220001CN0100001N1+02521+02451101171ADDAA124004091AG10000GF104991031021017501061001KA1240N+02291MA1999999100661MD1999999+0121REMSYN023 333 20229 58012 60044;
0124821980999991996010818004-01717-045400FM-12+004499999V0203601N00511045001CN0100001N1+02891+02681100861ADDAA106000591AG10001AY151061AY221061GF108991041021017501061001MA1999999100351MD1999999+0011MW1021REMSYN017 333 58001 69961;
0121821980999991996010912004-01717-045400FM-12+004499999V0200501N00311220001CN0100001N1+02771+02581101141ADDAA124003091AG10000GF103991031021017501001001KA1240N+02461MA1999999100631MD1999999-0031REMSYN023 333 20246 59003 60034;
0096821980999991996010918004-01717-045400FM-12+004499999V0200501N00571220001CN0100001N1+03181+02811100841ADDAA106000091AG10000GF104991031021017501061001MA1999999100331MD1999999-0021REMSYN011 333 59002;
0115821980999991996011012004-01717-045400FM-12+004499999V0200501N00461220001CN0100001N1+02741+02601101081ADDAA106000091AG10000GF103991031001017501061001KA1240N+02531MA1999999100571MD1999999-0061REMSYN017 333 20253 59006;
0096821980999991996011018004-01717-045400FM-12+004499999V0200501N00511015001CN0100001N1+03041+02741100771ADDAA106000091AG10000GF105991051021017501001001MA1999999100261MD1999999-0071REMSYN011 333 59007;
0115821980999991996011112004-01717-045400FM-12+004499999V0200501N00361015001CN0100001N1+02761+02641100921ADDAA106000091AG10000GF107991071021017501001001KA1240N+02501MA1999999100411MD1999999-0161REMSYN017 333 20250 59016;
0096821980999991996011218004-01717-045400FM-12+004499999V0200901N00311045001CN0100001N1+03081+02721100591ADDAA106000091AG10000GF106991021021017501061001MA1999999100081MD1999999-0121REMSYN011 333 59012;
0115821980999991996011312004-01717-045400FM-12+004499999V0202301N00101045001CN0100001N1+02581+02441100891ADDAA106000091AG10000GF106991041021017501061001KA1240N+02361MA1999999100381MD1999999-0121REMSYN017 333 20236 59012;
0143821980999991996011512004-01717-045400FM-12+004499999V0200901N00311018001CN0100001N1+02591+02311101041ADDAA124027091AG10006AY161061AY221061GF108991051081017501041001KA1240N+02271MA1999999100531MD1999999+0111MW1021REMSYN023 333 20227 58011 60274;
0096821980999991996011518004-01717-045400FM-12+004499999V0201401N00261015001CN0100001N1+02841+02701100681ADDAA106000091AG10000GF108991051021017501061001MA1999999100171MD1999999-0101REMSYN011 333 59010;
0115821980999991996011612004-01717-045400FM-12+004499999V0200501N00051045001CN0100001N1+02601+02461100971ADDAA106000091AG10000GF106991041021017501061001KA1240N+02391MA1999999100461MD1999999-0071REMSYN017 333 20239 59007;
0096821980999991996011618004-01717-045400FM-12+004499999V0203201N00361045001CN0100001N1+02721+02581100631ADDAA106000091AG10000GF108991041021017501041001MA1999999100121MD1999999-0051REMSYN011 333 59005;
0124821980999991996011718004-01717-045400FM-12+004499999V0200901N00211045001CN0100001N1+02721+02561100631ADDAA106006091AG10006AY161061AY221061GF108991031021017501041001MA1999999100121MD1999999+0001MW1021REMSYN017 333 58000 60061;
0121821980999991996011912004-01717-045400FM-12+004499999V0202301N00101045001CN0100001N1+02451+02371100891ADDAA124002091AG10000GF108991031021017501061001KA1240N+02371MA1999999100381MD1999999+0061REMSYN023 333 20237 58006 60024;
0124821980999991996011918004-01717-045400FM-12+004499999V0203201N00211015001CN0100001N1+02561+02471100651ADDAA106004091AG10006AY161061AY291061GF108991051051017501061001MA1999999100141MD1999999-0021MW1021REMSYN017 333 59002 60041;
0121821980999991996012012004-01717-045400FM-12+004499999V0203201N00101015001CN0100001N1+02511+02431100841ADDAA124021091AG10000GF108991051021017501061001KA1240N+02401MA1999999100331MD1999999-0051REMSYN023 333 20240 59005 60214;
0096821980999991996012018004-01717-045400FM-12+004499999V0200501N00361015001CN0100001N1+02941+02661100641ADDAA106000091AG10000GF108991051021017501041001MA1999999100131MD1999999-0011REMSYN011 333 59001;
0096821980999991996012118004-01717-045400FM-12+004499999V0200501N00361045001CN0100001N1+03141+02731100641ADDAA106000091AG10000GF106991041021017501061001MA1999999100131MD1999999+0001REMSYN011 333 58000;
0115821980999991996012212004-01717-045400FM-12+004499999V0200501N00101045001CN0100001N1+02491+02381100841ADDAA106000091AG10000GF105991021021017501061001KA1240N+02321MA1999999101331MD1999999-0091REMSYN017 333 20232 59009;
0143821980999991996012218004-01717-045400FM-12+004499999V0200501N00361045001CN0100001N1+02821+02701100571ADDAA106012091AG10006AY161061AY221061GF105991031021017501061001MA1999999100062MD1999999-0071MW1021REMSYN017 333 59007 60121;EQDQ01+100063APOSP 
0124821980999991996012318004-01717-045400FM-12+004499999V0200501N00361045001CN0100001N1+02961+02741100561ADDAA106003091AG10006AY161061AY221061GF106991041021017501061001MA1999999100051MD1999999-0011MW1021REMSYN017 333 59001 60031;
0096821980999991996012418004-01717-045400FM-12+004499999V0200501N00461045001CN0100001N1+03001+02761100891ADDAA106000091AG10000GF108991041021017501061001MA1999999100381MD1999999+0331REMSYN011 333 58033;
0096821980999991996012518004-01717-045400FM-12+004499999V0200501N00621105001CN0100001N1+03101+02691100741ADDAA106000091AG10000GF105991031021017501001021MA1999999100231MD1999999-0151REMSYN011 333 59015;
0115821980999991996012612004-01717-045400FM-12+004499999V0200501N00361220001CN0100001N1+02831+02661100741ADDAA106000091AG10000GF102991021011017501001001KA1240N+02521MA1999999100231MD1999999-0211REMSYN017 333 20252 59021;
0096821980999991996012618004-01717-045400FM-12+004499999V0200501N00511015001CN0100001N1+02941+02621100521ADDAA106000091AG10000GF106991061021017501001001MA1999999100011MD1999999-0221REMSYN011 333 59022;
0115821980999991996012712004-01717-045400FM-12+004499999V0200501N00261220001CN0100001N1+02761+02561100771ADDAA106000091AG10000GF103991021021017501061001KA1240N+02541MA1999999100261MD1999999+0031REMSYN017 333 20254 58003;
0096821980999991996012718004-01717-045400FM-12+004499999V0203601N00571220001CN0100001N1+02981+02721100541ADDAA106000091AG10000GF104991041021017501001001MA1999999100031MD1999999+0021REMSYN011 333 58002;
0115821980999991996012812004-01717-045400FM-12+004499999V0200501N00261105001CN0100001N1+02761+02581100741ADDAA106000091AG10000GF105991021021017501061021KA1240N+02531MA1999999100231MD1999999-0031REMSYN017 333 20253 59003;
0115821980999991996012912004-01717-045400FM-12+004499999V0200501N00411220001CN0100001N1+02791+02541100781ADDAA106000091AG10000GF103991021021017501001011KA1240N+02531MA1999999100271MD1999999+0041REMSYN017 333 20253 58004;
0096821980999991996012918004-01717-045400FM-12+004499999V0200501N00511015001CN0100001N1+03021+02721100641ADDAA106000091AG10000GF105991051021017501001001MA1999999100131MD1999999+0121REMSYN011 333 58012;
0115821980999991996013012004-01717-045400FM-12+004499999V0200501N00361015001CN0100001N1+02761+02561100931ADDAA106000091AG10000GF105991051021017501001001KA1240N+02511MA1999999100421MD1999999+0151REMSYN017 333 20251 58015;
0096821980999991996013018004-01717-045400FM-12+004499999V0200501N00461045001CN0100001N1+02981+02581100591ADDAA106000091AG10000GF108991041021017501061001MA1999999100081MD1999999-0051REMSYN011 333 59005;
0121821980999991996013112004-01717-045400FM-12+004499999V0200501N00151045001CN0100001N1+02531+02451100861ADDAA124012091AG10000GF108991041051017501041001KA1240N+02381MA1999999100351MD1999999-0071REMSYN023 333 20238 59007 60124;
0124821980999991996013118004-01717-045400FM-12+004499999V0203601N00411015001CN0100001N1+02691+02521100671ADDAA106011091AG10006AY161061AY221061GF108991051051017501041001MA1999999100161MD1999999+0081MW1021REMSYN017 333 58008 60111;
0143821980999991996020112004-01717-045400FM-12+004499999V0200501N00151220001CN0100001N1+02631+02411100961ADDAA124024091AG10006AY161061AY221061GF102991021001017501061001KA1240N+02361MA1999999100441MD1999999+0091MW1021REMSYN023 333 20236 58009 60244;
0121821980999991996020212004-01717-045400FM-12+004499999V0200501N00411220001CN0100001N1+02761+02561101021ADDAA124004091AG10000GF103991021021017501061001KA1240N+02521MA1999999100511MD1999999+0071REMSYN023 333 20252 58007 60044;
0096821980999991996020218004-01717-045400FM-12+004499999V0200501N00571045001CN0100001N1+03041+02721100671ADDAA106000091AG10000GF105991041021017501061001MA1999999100161MD1999999-0061REMSYN011 333 59006;
0121821980999991996020312004-01717-045400FM-12+004499999V0200501N00361015001CN0100001N1+02881+02831100871ADDAA124003091AG10000GF107991051021017501041001KA1240N+02571MA1999999100361MD1999999-0151REMSYN023 333 20257 59015 60034;
0096821980999991996020318004-01717-045400FM-12+004499999V0200501N00931015001CN0100001N1+02971+02871100691ADDAA106000091AG10000GF107991071021017501001001MA1999999100181MD1999999+0021REMSYN011 333 58002;
0115821980999991996020412004-01717-045400FM-12+004499999V0203601N00311045001CN0100001N1+02871+02691100871ADDAA106000091AG10000GF106991021021017501061001KA1240N+02581MA1999999100361MD1999999+0001REMSYN017 333 20258 58000;
0096821980999991996020418004-01717-045400FM-12+004499999V0200501N00771015001CN0100001N1+02781+02631100681ADDAA106000091AG10000GF106991061021017501001001MA1999999100171MD1999999-0011REMSYN011 333 59001;
0115821980999991996020512004-01717-045400FM-12+004499999V0200501N00311015001CN0100001N1+02761+02671100921ADDAA106000091AG10000GF107991051051017501061001KA1240N+02621MA1999999100411MD1999999-0051REMSYN017 333 20262 59005;
0096821980999991996020518004-01717-045400FM-12+004499999V0200501N00511045001CN0100001N1+02731+02631100671ADDAA106000091AG10000GF107991041051017501061001MA1999999100161MD1999999-0011REMSYN011 333 59001;
0143821980999991996020600004-01717-045400FM-12+004499999V0200501N00151015001CN0100001N1+02591+02581100851ADDAA106001091AG10006AY161061AY221061GF108991051071017501061001KA1240M+02901MA1999999100341MD1999999-0021MW1011REMSYN023 333 10290 59002 60011;
0088821980999991996020618004-01717-045400FM-12+004499999V0200501N002610450019N0100001N1+02761+02711100751ADDAA106004091AG10000GF107991041051017501061001MA1999999100241REMSYN017 333 57008 60041;
0096821980999991996020718004-01717-045400FM-12+004499999V0200901N00511015001CN0100001N1+03031+02911100781ADDAA106000091AG10000GF105991051021017501001001MA1999999100271MD1999999+0031REMSYN011 333 58003;
0096821980999991996020818004-01717-045400FM-12+004499999V0200501N00771220001CN0100001N1+03081+02951100771ADDAA106000091AG10000GF102991011011017501001011MA1999999100261MD1999999-0011REMSYN011 333 59001;
0131821980999991996020900004-01717-045400FM-12+004499999V0200501N00261220001CN0100001N1+02651+02571100841ADDAA106000091AG10000GA1001+999999999GF100991001001999999001001KA1240M+03131MA1999999100331MD1999999-0071REMSYN017 333 10313 59007;
0115821980999991996020912004-01717-045400FM-12+004499999V0200501N00461105001CN0100001N1+02901+02791100921ADDAA106000091AG10000GF105991021011017501031011KA1240N+02551MA1999999100411MD1999999-0111REMSYN017 333 20255 59011;
0096821980999991996020918004-01717-045400FM-12+004499999V0200501N00721015001CN0100001N1+03131+02711100661ADDAA106000091AG10000GF105991051021017501001001MA1999999100151MD1999999+0111REMSYN011 333 58011;
0096821980999991996021018004-01717-045400FM-12+004499999V0200501N00571015001CN0100001N1+03111+02691100761ADDAA106000091AG10000GF105991051021017501001001MA1999999100251MD1999999+0101REMSYN011 333 58010;
0115821980999991996021112004-01717-045400FM-12+004499999V0200901N00461015001CN0100001N1+02851+02681101021ADDAA106000091AG10000GF105991051021017501001001KA1240N+02551MA1999999100511MD1999999+0041REMSYN017 333 20255 58004;
0096821980999991996021118004-01717-045400FM-12+004499999V0200501N00511220001CN0100001N1+03051+02661100871ADDAA106000091AG10000GF103991031021017501001001MA1999999100361MD1999999+0111REMSYN011 333 58011;
0115821980999991996021300004-01717-045400FM-12+004499999V0200501N00211220001CN0100001N1+02681+02651100941ADDAA106000091AG10000GF103991031011017501001001KA1240M+03201MA1999999100431MD1999999+0061REMSYN017 333 10320 58006;
0096821980999991996021318004-01717-045400FM-12+004499999V0203601N00411015001CN0100001N1+02891+02661100781ADDAA106000091AG10000GF106991061021017501001001MA1999999100271MD1999999-0071REMSYN011 333 59007;
0104821980999991996021412004-01717-045400FM-12+004499999V0200501N00211220001CN0100001N1+02811+02601101001ADDAG10000GF103991031011017501001001KA1240N+02541MA1999999100491MD1999999-0031REMSYN017 333 20254 59003;
0124821980999991996021518004-01717-045400FM-12+004499999V0203601N00261015001CN0100001N1+02541+02451100701ADDAA106013091AG10006AY161061AY221061GF108991051071017501061001MA1999999100191MD1999999+0011MW1021REMSYN017 333 58001 60131;
0121821980999991996021612004-01717-045400FM-12+004499999V0202701N00151015001CN0100001N1+02571+02551101011ADDAA124013091AG10000GF108991061051017501061001KA1240N+02441MA1999999100501MD1999999+0021REMSYN023 333 20244 58002 60134;
0115821980999991996021712004-01717-045400FM-12+004499999V0201401N00211045001CN0100001N1+02401+02351100911ADDAA106000091AG10000GF106991031021017501041011KA1240N+02221MA1999999100391MD1999999-0111REMSYN017 333 20222 59011;
0096821980999991996021718004-01717-045400FM-12+004499999V0200501N00411045001CN0100001N1+02871+02661100641ADDAA106000091AG10000GF106991031021017501061001MA1999999100131MD1999999-0141REMSYN011 333 59014;
0121821980999991996021812004-01717-045400FM-12+004499999V0202701N00101045001CN0100001N1+02401+02371100921ADDAA124003091AG10000GF107991031021017501011021KA1240N+02371MA1999999100401MD1999999+0011REMSYN023 333 20237 58001 60034;
0096821980999991996021818004-01717-045400FM-12+004499999V0200501N00571045001CN0100001N1+02971+02721100551ADDAA106000091AG10000GF107991041051017501061001MA1999999100041MD1999999-0091REMSYN011 333 59009;
0143821980999991996021912004-01717-045400FM-12+004499999V0201401N00211015001CN0100001N1+02431+02381100961ADDAA124019091AG10006AY161061AY221061GF108991051071017501021001KA1240N+02411MA1999999100541MD1999999+0141MW1921REMSYN023 333 20241 58014 60194;
0096821980999991996021918004-01717-045400FM-12+004499999V0203201N00311045001CN0100001N1+02521+02471100801ADDAA106000091AG10000GF108991041051017501011001MA1999999100281MD1999999+0241REMSYN011 333 58024;
0096821980999991996022218004-01717-045400FM-12+004499999V0203601N00311015001CN0100001N1+02831+02581100791ADDAA106000091AG10000GF106991061021017501001001MA1999999100271MD1999999+0141REMSYN011 333 58014;
0096821980999991996022318004-01717-045400FM-12+004499999V0200501N00411015001CN0100001N1+02911+02721100741ADDAA106000091AG10000GF106991061021017501001001MA1999999100231MD1999999-0041REMSYN011 333 59004;
0096821980999991996022418004-01717-045400FM-12+004499999V0200501N00461220001CN0100001N1+03151+02871100741ADDAA106000091AG10000GF103991031021017501001001MA1999999100231MD1999999+0001REMSYN011 333 58000;
0124821980999991996022518004-01717-045400FM-12+004499999V0203601N00261045001CN0100001N1+02791+02661100801ADDAA106002091AG10006AY161061AY221061GF106991031021017501061001MA1999999100281MD1999999+0051MW1021REMSYN017 333 58005 60021;
0104821980999991996022612004-01717-045400FM-12+004499999V0200501N00151105001CN0100001N1+02751+02681101021ADDAG10000GF106991021021017501041041KA1240N+02481MA1999999100501MD1999999-0031REMSYN017 333 20248 59003;
0096821980999991996022718004-01717-045400FM-12+004499999V0200501N00461045001CN0100001N1+02881+02661100771ADDAA106000091AG10000GF105991031021017501061001MA1999999100261MD1999999+0031REMSYN011 333 58003;
0096821980999991996022818004-01717-045400FM-12+004499999V0200501N00461015001CN0100001N1+02901+02661100601ADDAA106000091AG10000GF108991051021017501061001MA1999999100091MD1999999-0171REMSYN011 333 59017;
0096821980999991996022918004-01717-045400FM-12+004499999V0200501N00361045001CN0100001N1+03081+02841100591ADDAA106000091AG10000GF106991041021017501061001MA1999999100081MD1999999-0011REMSYN011 333 59001;
0115821980999991996030100004-01717-045400FM-12+004499999V0200501N00311015001CN0100001N1+02691+02551100861ADDAA106000091AG10000GF107991071021017501001001KA1240M+03151MA1999999100341MD1999999-0031REMSYN017 333 10315 59003;
0143821980999991996030212004-01717-045400FM-12+004499999V0200501N00211105001CN0100001N1+02791+02691101071ADDAA124004091AG10006AY161061AY211061GF106991021021017501041061KA1240N+02521MA1999999100551MD1999999+0181MW1031REMSYN023 333 20252 58018 60044;
0124821980999991996030618004-01717-045400FM-12+004499999V0202701N00151045001CN0100001N1+02451+02371100801ADDAA106025091AG10006AY161061AY221061GF108991041071017501021001MA1999999100281MD1999999+0051MW1031REMSYN017 333 58005 60251;
0096821980999991996030718004-01717-045400FM-12+004499999V0200501N00211045001CN0100001N1+02851+02641100811ADDAA106000091AG10000GF106991041051017501011001MA1999999100291MD1999999+0011REMSYN011 333 58001;
0124821980999991996030818004-01717-045400FM-12+004499999V0200501N00211045001CN0100001N1+02641+02501100831ADDAA106011091AG10006AY161061AY221061GF108991031051017501021001MA1999999100321MD1999999+0031MW1021REMSYN017 333 58003 60111;
0143821980999991996031012004-01717-045400FM-12+004499999V0203601N00311015001CN0100001N1+02691+02581101251ADDAA124004091AG10006AY161061AY221061GF108991051021017501041011KA1240N+02521MA1999999100731MD1999999+0141MW1031REMSYN023 333 20252 58014 60044;
0121821980999991996031212004-01717-045400FM-12+004499999V0201801N00261045001CN0100001N1+02361+02311101081ADDAA124004091AG10000GF108991041051017501011011KA1240N+02331MA1999999100561MD1999999+0061REMSYN023 333 20233 58006 60044;
0143821980999991996031312004-01717-045400FM-12+004499999V0202301N000510450019N0100001N1+99999+99999101031ADDAA124020091AG10006AY161061AY221061GF108991031021017501041001KA1240N+02361MA1999999100511MD1999999-0051MW1021REMSYN023 333 20236 59005 60204;
0115821980999991996031318004-01717-045400FM-12+004499999V0203201N00361015001CN0100001N1+02841+02681100731ADDAA106000091AG10000GF108991061021017501061001MA1999999100221MD1999999-0041REMSYN011 333 59004;EQDQ01+999990APOSLP
0121821980999991996031412004-01717-045400FM-12+004499999V0202301N00101045001CN0100001N1+02491+02431101021ADDAA124003091AG10000GF108991031021017501061001KA1240N+02401MA1999999100501MD1999999-0011REMSYN023 333 20240 59001 60034;
0096821980999991996031418004-01717-045400FM-12+004499999V0200501N00261045001CN0100001N1+02621+02441100841ADDAA106000091AG10000GF108991021021017501061001MA1999999100331MD1999999+0111REMSYN011 333 58011;
0143821980999991996031512004-01717-045400FM-12+004499999V0200901N00261045001CN0100001N1+02381+02351101171ADDAA124004091AG10006AY161061AY221061GF108991031021017501041001KA1240N+02311MA1999999100661MD1999999+0161MW1021REMSYN023 333 20231 58016 60044;
0096821980999991996031518004-01717-045400FM-12+004499999V0200501N00211045001CN0100001N1+02741+02631100671ADDAA106000091AG10000GF108991031021017501061001MA1999999100161MD1999999-0171REMSYN011 333 59017;
0115821980999991996031612004-01717-045400FM-12+004499999V0200501N00151045001CN0100001N1+02721+02601100851ADDAA106000091AG10000GF106991031021017501061001KA1240N+02461MA1999999100341MD1999999-0321REMSYN017 333 20246 59032;
0096821980999991996031618004-01717-045400FM-12+004499999V0200501N00571015001CN0100001N1+02861+02621100541ADDAA106000091AG10000GF106991051021017501061001MA1999999100031MD1999999-0131REMSYN011 333 59013;
0124821980999991996031718004-01717-045400FM-12+004499999V0200901N00151015001CN0100001N1+02681+02611100671ADDAA106005091AG10006AY161061AY291061GF108991051051017501041001MA1999999100161MD1999999+0131MW1021REMSYN017 333 58013 60051;
0124821980999991996031818004-01717-045400FM-12+004499999V0202301N00051045001CN0100001N1+02841+02771100771ADDAA106000591AG10001AY151061AY221061GF108991041051017501041001MA1999999100261MD1999999+0101MW1021REMSYN017 333 58010 69941;
0124821980999991996032018004-01717-045400FM-12+004499999V0201401N00151045001CN0100001N1+02621+02481100791ADDAA106007091AG10006AY161061AY291061GF108991041091017501021001MA1999999100281MD1999999-0051MW1651REMSYN017 333 59005 60071;
0115821980999991996032212004-01717-045400FM-12+004499999V0203601N00151045001CN0100001N1+02701+02561101001ADDAA106000091AG10000GF106991031021017501041011KA1240N+02541MA1999999100481MD1999999+0051REMSYN017 333 20254 58005;
0096821980999991996032218004-01717-045400FM-12+004499999V0200501N00571045001CN0100001N1+02881+02681100681ADDAA106000091AG10000GF106991041021017501061001MA1999999100171MD1999999+0051REMSYN011 333 58005;
0143821980999991996032312004-01717-045400FM-12+004499999V0202701N00151015001CN0100001N1+02461+02411101201ADDAA124001091AG10006AY161061AY201061GF108991051051017501061001KA1240N+02471MA1999999100681MD1999999+0201MW1031REMSYN023 333 20247 58020 60014;
0124821980999991996032318004-01717-045400FM-12+004499999V0202701N00261045001CN0100001N1+02601+02531100871ADDAA106041091AG10006AY161061AY251061GF108991041091017501021001MA1999999100361MD1999999+0191MW1621REMSYN017 333 58019 60411;
0121821980999991996032412004-01717-045400FM-12+004499999V0200501N00261045001CN0100001N1+02701+02591101011ADDAA124041091AG10000GF107991041021017501041011KA1240N+02531MA1999999100491MD1999999-0191REMSYN023 333 20253 59019 60414;
0143821980999991996032512004-01717-045400FM-12+004499999V0200901N00261045001CN0100001N1+02751+02691100901ADDAA124002091AG10006AY161061AY211061GF106991031021017501041011KA1240N+02561MA1999999100381MD1999999-0111MW1031REMSYN023 333 20256 59011 60024;
0143821980999991996032712004-01717-045400FM-12+004499999V0203201N00051015001CN0040001N1+02341+02271101281ADDAA124043091AG10006AY161061AY261061GF108991051071017501021001KA1240N+02391MA1999999100761MD1999999+0281MW1911REMSYN023 333 20239 58028 60434;
0115821980999991996032718004-01717-045400FM-12+004499999V0203601N00051220001CN0100001N1+02611+02501100991ADDAA106000091AG10000GF102991999021017501041041MA1999999100471MD1999999+0171REMSYN011 333 58017;EQDQ01+000032SCOTLC
0096821980999991996032818004-01717-045400FM-12+004499999V0203601N00101015001CN0100001N1+02691+02581100931ADDAA106000091AG10000GF108991081001017501011001MA1999999100421MD1999999-0051REMSYN011 333 59005;
0115821980999991996032912004-01717-045400FM-12+004499999V0200901N00571220001CN0100001N1+02711+02581101031ADDAA106000091AG10000GF104991021011017501001011KA1240N+02531MA1999999100521MD1999999-0231REMSYN017 333 20253 59023;
0115821980999991996033012004-01717-045400FM-12+004499999V0200501N00311220001CN0100001N1+02791+02681100981ADDAA106000091AG10000GF105991021021017501001011KA1240N+02611MA1999999100461MD1999999-0061REMSYN017 333 20261 59006;
0143821980999991996033112004-01717-045400FM-12+004499999V0200901N00211045001CN0100001N1+02671+02531101031ADDAA124008091AG10006AY161061AY221061GF107991031021017501041011KA1240N+02521MA1999999100511MD1999999+0051MW1021REMSYN023 333 20252 58005 60084;
0124821980999991996033118004-01717-045400FM-12+004499999V0203201N00101045001CN0100001N1+02541+02491100831ADDAA106031091AG10006AY161061AY221061GF108991041051017501041001MA1999999100321MD1999999+0081MW1021REMSYN017 333 58008 60311;
0143821980999991996040112004-01717-045400FM-12+004499999V0200501N00101015001CN0100001N1+02541+02491101221ADDAA124039091AG10006AY161061AY221061GF108991051051017501041001KA1240N+02131MA1999999100701MD1999999+0191MW1021REMSYN023 333 20213 58019 60394;
0124821980999991996040118004-01717-045400FM-12+004499999V0200401N00261045001CN0100001N1+02601+02551100831ADDAA106003091AG10006AY161061AY251061GF106991021021017501041021MA1999999100321MD1999999+0081MW1021REMSYN017 333 58008 60031;
0121821980999991996040212004-01717-045400FM-12+004499999V0200901N00511220001CN0100001N1+02841+02681101011ADDAA124003091AG10000GF103991021021017501001011KA1240N+02591MA1999999100501MD1999999-0201REMSYN023 333 20259 59020 60034;
0096821980999991996040218004-01717-045400FM-12+004499999V0200501N00511045001CN0100001N1+02991+02701100631ADDAA106000091AG10000GF108991031021017501061021MA1999999100121MD1999999-0201REMSYN011 333 59020;
0143821980999991996040312004-01717-045400FM-12+004499999V0200501N00361045001CN0100001N1+02871+02661100931ADDAA124001091AG10006AY161061AY211061GF106991031021017501041011KA1240N+02621MA1999999100431MD1999999-0071MW1011REMSYN023 333 20262 59007 69984;
0143821980999991996040412004-01717-045400FM-12+004499999V0200501N00051015001CN0100001N1+02541+02491100971ADDAA124014091AG10006AY161061AY221061GF108991051021017501041041KA1240N+02451MA1999999100451MD1999999+0021MW1031REMSYN023 333 20245 58002 60144;
0124821980999991996040418004-01717-045400FM-12+004499999V0200501N00261015001CN0100001N1+02601+02501100711ADDAA106030091AG10006AY161061AY221061GF108991051021017501041001MA1999999100201MD1999999+0021MW1021REMSYN017 333 58002 60301;
0143821980999991996040512004-01717-045400FM-12+004499999V0202701N00051015001CN0100001N1+02401+02371101021ADDAA124050091AG10006AY161061AY251061GF108991051051017501021001KA1240N+02451MA1999999100501MD1999999+0051MW1911REMSYN023 333 20245 58005 60504;
0124821980999991996040518004-01717-045400FM-12+004499999V0203601N00261045001CN0100001N1+02441+02391100791ADDAA106003091AG10001AY151061AY221061GF108991031051017501021001MA1999999100281MD1999999+0081MW1651REMSYN017 333 58008 60031;
0096821980999991996040618004-01717-045400FM-12+004499999V0200501N00051045001CN0100001N1+02881+02761100641ADDAA106000091AG10000GF108991031021017501061001MA1999999100131MD1999999-0151REMSYN011 333 59015;
0096821980999991996040718004-01717-045400FM-12+004499999V0200501N00511045001CN0100001N1+02711+02521100731ADDAA106000091AG10000GF106991041021017501061001MA1999999100221MD1999999+0091REMSYN011 333 58009;
0115821980999991996040812004-01717-045400FM-12+004499999V0200901N00211045001CN0100001N1+02791+02681101061ADDAA106000091AG10000GF107991031021017501031011KA1240N+02561MA1999999100541MD1999999+0021REMSYN017 333 20256 58002;
0096821980999991996040818004-01717-045400FM-12+004499999V0200501N00511045001CN0100001N1+02981+02701100741ADDAA106000091AG10000GF105991031021017501061021MA1999999100231MD1999999+0011REMSYN011 333 58001;
0143821980999991996040912004-01717-045400FM-12+004499999V0200501N00051015001CN0100001N1+02611+02481101101ADDAA124009091AG10006AY161061AY221061GF107991051021017501011001KA1240N+02501MA1999999100581MD1999999+0041MW1031REMSYN023 333 20250 58004 60094;
0124821980999991996040918004-01717-045400FM-12+004499999V0200501N00721045001CN0100001N1+02391+02331100961ADDAA106041091AG10006AY161061AY221061GF108991041051017501041001MA1999999100451MD1999999+0221MW1021REMSYN017 333 58022 60411;
0121821980999991996041012004-01717-045400FM-12+004499999V0201401N00101105001CN0100001N1+02661+02561101151ADDAA124041091AG10000GF105991021021017501041041KA1240N+02411MA1999999100631MD1999999+0051REMSYN023 333 20241 58005 60414;
0102821980999991996041018004-01717-045400FM-12+004499999V0201401N00151045001CN0100001N1+02911+02721100711ADDAA106000591AG10000GF108991031021017501061001MA1999999100201MD1999999-0251REMSYN017 333 59025 69951;
0143821980999991996041112004-01717-045400FM-12+004499999V0202301N00101015001CN0100001N1+02491+02401101021ADDAA124039091AG10006AY161061AY221061GF107991051051017501011001KA1240N+02501MA1999999100501MD1999999-0131MW1021REMSYN023 333 20250 59013 60394;
0087821980999991996041118004-01717-045400FM-12+004499999V0200901N00211045001CN0200001N1+02511+02451100771ADDAG10006AY161061AY251061GF108991041051017501021001MA1999999100261MW1521REMSYN005 333;
0124821980999991996041518004-01717-045400FM-12+004499999V0200501N00101045001CN0100001N1+02471+02411100841ADDAA106032091AG10006AY161061AY291061GF108991041091017501021001MA1999999100331MD1999999+0091MW1521REMSYN017 333 58009 60321;
0143821980999991996041612004-01717-045400FM-12+004499999V0200901N00151045001CN0100001N1+02661+02631101071ADDAA124048091AG10006AY161061AY221061GF107991031021017501041041KA1240N+02471MA1999999100551MD1999999-0021MW1021REMSYN023 333 20247 59002 60484;
0124821980999991996041618004-01717-045400FM-12+004499999V0200501N00261045001CN0100001N1+02441+02391100831ADDAA106005091AG10006AY161061AY291061GF108991031051017501021001MA1999999100321MD1999999-0011MW1521REMSYN017 333 59001 60051;
0124821980999991996041818004-01717-045400FM-12+004499999V0200501N00361015001CN0100001N1+02701+02581100731ADDAA106001091AG10006AY161061AY221061GF108991051071017501041001MA1999999100221MD1999999-0061MW1021REMSYN017 333 59006 60011;
0162821980999991996041912004-01717-045400FM-12+004499999V0202701N00051015001CN0040001N1+02451+99999101031ADDAA124002091AG10006AY161061AY221061GF108991051071017501021001KA1240N+99999MA1999999100511MD1999999-0041MW1031REMSYN023 333 20255 59004 60024;EQDQ01 +02552ATMN  
0096821980999991996041918004-01717-045400FM-12+004499999V0200501N00361045001CN0100001N1+02791+02691100751ADDAA106000091AG10000GF108991041021017501041001MA1999999100241MD1999999+0021REMSYN011 333 58002;
0115821980999991996042000004-01717-045400FM-12+004499999V0203601N00211220001CN0040001N1+02541+02471101021ADDAA106000091AG10000GF102991021011017501001001KA1240M+02871MA1999999100501MD1999999+0071REMSYN017 333 10287 58007;
0124821980999991996042018004-01717-045400FM-12+004499999V0202701N00101015001CN0100001N1+02681+02581100971ADDAA106000591AG10001AY151061AY221061GF108991051021017501061001MA1999999100461MD1999999+0221MW1021REMSYN017 333 58022 69961;
0096821980999991996042218004-01717-045400FM-12+004499999V0203601N00261015001CN0100001N1+02861+02621101041ADDAA106000091AG10000GF108991051021017501061001MA1999999100531MD1999999+0151REMSYN011 333 58015;
0096821980999991996042318004-01717-045400FM-12+004499999V0200501N00211220001CN0100001N1+02961+02741101041ADDAA106000091AG10000GF104991031021017501001011MA1999999100531MD1999999+0001REMSYN011 333 58000;
0096821980999991996042418004-01717-045400FM-12+004499999V0201401N00311045001CN0100001N1+02841+02661101051ADDAA106000091AG10000GF108991041051017501061001MA1999999100541MD1999999+0011REMSYN011 333 58001;
0115821980999991996042512004-01717-045400FM-12+004499999V0203601N00151045001CN0100001N1+02811+02601101241ADDAA106000091AG10000GF106991031021017501041011KA1240N+02571MA1999999100721MD1999999-0081REMSYN017 333 20257 59008;
0096821980999991996042518004-01717-045400FM-12+004499999V0203601N00461015001CN0100001N1+02701+02581100851ADDAA106000091AG10000GF108991051021017501061001MA1999999100341MD1999999-0201REMSYN011 333 59020;
0143821980999991996042600004-01717-045400FM-12+004499999V0200501N00211045001CN0040001N1+02481+02431101051ADDAA106021091AG10006AY161061AY251061GF106991031051017501061001KA1240M+03091MA1999999100531MD1999999-0051MW1911REMSYN023 333 10309 59005 60211;
0096821980999991996042618004-01717-045400FM-12+004499999V0200501N00411045001CN0100001N1+02841+02661100851ADDAA106000091AG10000GF105991031021017501061011MA1999999100341MD1999999+0001REMSYN011 333 58000;
0143821980999991996042712004-01717-045400FM-12+004499999V0200901N00101045001CN0100001N1+02491+02471101261ADDAA124017091AG10006AY161061AY251061GF108991041051017501011011KA1240N+02501MA1999999100741MD1999999-0031MW1021REMSYN023 333 20250 59003 60174;
0096821980999991996042718004-01717-045400FM-12+004499999V0203201N00101045001CN0100001N1+02901+02681100831ADDAA106000091AG10000GF108991041021017501061001MA1999999100321MD1999999-0021REMSYN011 333 59002;
0121821980999991996042912004-01717-045400FM-12+004499999V0201801N00101045001CN0100001N1+02531+02431101181ADDAA124003091AG10000GF107991031021017501041041KA1240N+02571MA1999999100661MD1999999-0011REMSYN023 333 20257 59001 60034;
0096821980999991996042918004-01717-045400FM-12+004499999V0201401N00311045001CN0100001N1+02841+02681100851ADDAA106000091AG10000GF106991031021017501061001MA1999999100341MD1999999+0051REMSYN011 333 58005;
0134821980999991996043012004-01717-045400FM-12+004499999V0202301N00261045001CN0100001N1+02511+02451101191ADDAA106000091AG10000GF108991041051017501011011KA1240N+99999MA1999999100671MD1999999+0011REMSYN017 333 20262 58001;EQDQ01 +02622ATMN  
0124821980999991996043018004-01717-045400FM-12+004499999V0200501N00101015001CN0100001N1+02691+02591100831ADDAA106002091AG10006AY161061AY221061GF108991051051017501041001MA1999999100321MD1999999-0021MW1021REMSYN017 333 59002 60021;
0143821980999991996050112004-01717-045400FM-12+004499999V0209991C00001015001CN0100001N1+02451+99999101211ADDAA124019091AG10005AY161061AY221061GF108991061051017501011001KA1240N+02501MA1999999100691MD1999999+0021MW1031REMSYN023 333 20250 58002 60194;
0143821980999991996050212004-01717-045400FM-12+004499999V0201401N00101105001CN0100001N1+02631+02571101141ADDAA124024091AG10005AY161061AY211061GF105991021021017501041041KA1240N+02501MA1999999100621MD1999999-0071MW1021REMSYN023 333 20250 59007 60244;
0096821980999991996050218004-01717-045400FM-12+004499999V0201401N00151045001CN0100001N1+03011+02701100741ADDAA106000091AG10000GF108991041051017501041001MA1999999100231MD1999999-0191REMSYN011 333 59019;
0143821980999991996050312004-01717-045400FM-12+004499999V0201401N00101105001CN0100001N1+02771+02731101401ADDAA124005091AG10005AY161061AY221061GF106991021021017501041041KA1240N+02551MA1999999100881MD1999999-0011MW1011REMSYN023 333 20255 59001 60054;
0124821980999991996050318004-01717-045400FM-12+004499999V0209991C00001045001CN0100001N1+02541+02491100831ADDAA106025091AG10005AY161061AY221061GF107991031021017501041041MA1999999100311MD1999999+0081MW1031REMSYN017 333 58008 60251;
0143821980999991996050412004-01717-045400FM-12+004499999V0200501N00151045001CN0100001N1+02631+02531101191ADDAA124026091AG10005AY161061AY251061GF107991041021017501041041KA1240N+02531MA1999999100671MD1999999+0061MW1021REMSYN023 333 20253 58006 60264;
0124821980999991996050418004-01717-045400FM-12+004499999V0200901N00151015001CN0100001N1+02641+02571100891ADDAA106002091AG10005AY161061AY221061GF108991051021017501011001MA1999999100371MD1999999+0061MW1021REMSYN017 333 58006 60021;
0124821980999991996050618004-01717-045400FM-12+004499999V0201401N00261045001CN0100001N1+02631+02571100901ADDAA106022091AG10005AY161061AY221061GF108991041051017501011001MA1999999100381MD1999999+0011MW1021REMSYN017 333 58001 60221;
0143821980999991996050700004-01717-045400FM-12+004499999V0203601N00051220001CN0100001N1+02411+02371101091ADDAA106009091AG10005AY161061AY211061GF103991031021017501001001KA1240M+02891MA1999999100571MD1999999-0031MW1011REMSYN023 333 10289 59003 60091;
0162821980999991996050712004-01717-045400FM-12+004499999V0200901N00311045001CN0100001N1+02421+02351101091ADDAA124041091AG10005AY161061AY251061GF108991041071017501021001KA1240N+99999MA1999999100571MD1999999-0011MW1581REMSYN023 333 20248 59001 60414;EQDQ01 +02482ATMN  
0102821980999991996050718004-01717-045400FM-12+004499999V0200501N00151045001CN0100001N1+02611+02571100891ADDAA106005091AG10000GF107991041021017501041011MA1999999100371MD1999999-0011REMSYN017 333 59001 60051;
0143821980999991996050812004-01717-045400FM-12+004499999V0201401N00211015001CN0100001N1+02651+02631101021ADDAA199009091AG10005AY161061AY211061GF108991051071017501021001KA1240N+02551MA1999999100681MD1999999+0111MW1031REMSYN023 333 20255 58011 60093;
0124821980999991996050818004-01717-045400FM-12+004499999V0200901N00721015001CN0100001N1+02571+02551100941ADDAA106012091AG10005AY161061AY221061GF108991061071017501021001MA1999999100421MD1999999+0051MW1021REMSYN017 333 58005 60121;
0121821980999991996050912004-01717-045400FM-12+004499999V0200501N00361220001CN0100001N1+02851+02691101121ADDAA124012091AG10000GF104991021021017501031011KA1240N+02551MA1999999100601MD1999999-0081REMSYN023 333 20255 59008 60124;
0124821980999991996050918004-01717-045400FM-12+004499999V0203201N00151015001CN0100001N1+02601+02571100921ADDAA106025091AG10005AY161061AY221061GF108991051071017501021001MA1999999100401MD1999999-0021MW1031REMSYN017 333 59002 60251;
0143821980999991996051000004-01717-045400FM-12+004499999V0202301N00211220001CN0100001N1+02441+02411101041ADDAA106003091AG10005AY161061AY211061GF102991021011017501001001KA1240M+03011MA1999999100521MD1999999-0041MW1011REMSYN023 333 10301 59004 60031;
0121821980999991996051012004-01717-045400FM-12+004499999V0203201N00101015001CN0100001N1+02461+02431101191ADDAA124027091AG10000GF108991051051017501021001KA1240N+02401MA1999999100681MD1999999+0081REMSYN023 333 20240 58008 60274;
0124821980999991996051018004-01717-045400FM-12+004499999V0200901N00311045001CN0100001N1+02821+02661100821ADDAA106000591AG10001AY151061AY221061GF108991041021017501061001MA1999999100311MD1999999-0091MW1021REMSYN017 333 59009 69951;
0121821980999991996051112004-01717-045400FM-12+004499999V0203201N00051018001CN0100001N1+02521+02451101151ADDAA124000591AG10000GF108991051081017501041001KA1240N+02531MA1999999100641MD1999999-0041REMSYN023 333 20253 59004 69954;
0115821980999991996051212004-01717-045400FM-12+004499999V0200901N00261220001CN0100001N1+02831+02681101151ADDAA106000091AG10000GF104991031021017501001011KA1240N+02561MA1999999100641MD1999999+0001REMSYN017 333 20256 58000;
0121821980999991996051312004-01717-045400FM-12+004499999V0200901N00261220001CN0100001N1+02841+02701101141ADDAA124001091AG10000GF104991041021017501001001KA1240N+02561MA1999999100631MD1999999-0011REMSYN023 333 20256 59001 60014;
0096821980999991996051318004-01717-045400FM-12+004499999V0200901N00461220001CN0100001N1+02921+02741100851ADDAA106000091AG10000GF104991041021017501001001MA1999999100341MD1999999-0061REMSYN011 333 59006;
0115821980999991996051412004-01717-045400FM-12+004499999V0201401N00151220001CN0100001N1+02751+02651101091ADDAA106000091AG10000GF103991031001017501061001KA1240N+02581MA1999999100581MD1999999-0051REMSYN017 333 20258 59005;
0096821980999991996051418004-01717-045400FM-12+004499999V0201401N00411045001CN0100001N1+03161+02791100801ADDAA106000091AG10000GF105991021021017501061001MA1999999100291MD1999999-0051REMSYN011 333 59005;
0115821980999991996051512004-01717-045400FM-12+004499999V0200901N00101015001CN0100001N1+02661+02571100951ADDAA106000091AG10000GF108991051051017501041001KA1240N+02531MA1999999100441MD1999999-0141REMSYN017 333 20253 59014;
0115821980999991996051518004-01717-045400FM-12+004499999V0200901N002619999999N0100001N1+03001+02821100641ADDAA106000091AG10000GF108991999021017501001001MA1999999100131MD1999999-0161REMSYN011 333 59016;EQDQ01+000042SCOTLC
0121821980999991996051612004-01717-045400FM-12+004499999V0203201N00051045001CN0100001N1+02611+02461100971ADDAA124014091AG10000GF108991041021017501061001KA1240N+02501MA1999999100461MD1999999+0021REMSYN023 333 20250 58002 60144;
0096821980999991996051618004-01717-045400FM-12+004499999V0200501N00411220001CN0100001N1+02021+99999100601ADDAA106000091AG10000GF103991031021017501001001MA1999999100091MD1999999-0041REMSYN011 333 59004;
0143821980999991996051800004-01717-045400FM-12+004499999V0203201N00151220001CN0100001N1+02571+02531101111ADDAA106001091AG10005AY161061AY211061GF103991031021017501001001KA1240M+03141MA1999999100591MD1999999+0161MW1011REMSYN023 333 10314 58016 60011;
0143821980999991996051812004-01717-045400FM-12+004499999V0203601N00101045001CN0100001N1+02631+02531101261ADDAA124021091AG10005AY161061AY211061GF108991041021017501031001KA1240N+02521MA1999999100741MD1999999+0151MW1031REMSYN023 333 20252 58015 60214;
0124821980999991996051818004-01717-045400FM-12+004499999V0203201N00261045001CN0100001N1+02691+02541100921ADDAA106018091AG10005AY161061AY221061GF106991031021017501061001MA1999999100411MD1999999-0011MW1021REMSYN017 333 59001 60181;
0143821980999991996051900004-01717-045400FM-12+004499999V0202301N00211015001CN0100001N1+02511+02451101151ADDAA106006091AG10005AY161061AY221061GF105991051021017501001001KA1240M+03071MA1999999100631MD1999999+0041MW1011REMSYN023 333 10307 58004 60061;
0124821980999991996051918004-01717-045400FM-12+004499999V0201401N00361045001CN0100001N1+02621+02481101001ADDAA106000591AG10001AY151061AY221061GF108991041021017501041001MA1999999100491MD1999999+0081MW1021REMSYN017 333 58008 69941;
0121821980999991996052012004-01717-045400FM-12+004499999V0200901N00211045001CN0200001N1+02701+02651101041ADDAA124000591AG10000GF107991041021017501041041KA1240N+02591MA1999999100521MD1999999-0171REMSYN023 333 20259 59017 69944;
0124821980999991996052018004-01717-045400FM-12+004499999V0209991C00001015001CN0100001N1+02611+02441100801ADDAA106013091AG10005AY161061AY291061GF107991051021017501041001MA1999999100291MD1999999-0201MW1021REMSYN017 333 59020 60131;
0101821980999991996052112004-01717-045400FM-12+004499999V0200901N00311220001CN0100001N1+02821+02641101181ADDAA124013091AG10000GF104991041011017501001001KA1240N+02611MA1999999100661REMSYN017 333 20261 60134;
0096821980999991996052118004-01717-045400FM-12+004499999V0200901N00411015001CN0100001N1+03121+02781100871ADDAA106000091AG10000GF105991051021017501001001MA1999999100361MD1999999+0071REMSYN011 333 58007;
0131821980999991996052200004-01717-045400FM-12+004499999V0200501N00311220001CN0100001N1+02631+02501101041ADDAA106000091AG10000GA1001+999999999GF100991001001999999001001KA1240M+03211MA1999999100521MD1999999-0061REMSYN017 333 10321 59006;
0115821980999991996052212004-01717-045400FM-12+004499999V0200901N00261045001CN0100001N1+02751+02731101131ADDAA106000091AG10000GF106991031021017501041041KA1240N+02561MA1999999100611MD1999999-0051REMSYN017 333 20256 59005;
0124821980999991996052218004-01717-045400FM-12+004499999V0200501N00151045001CN0100001N1+02921+02741100871ADDAA106002091AG10005AY161061AY221061GF105991031021017501061001MA1999999100361MD1999999+0001MW1021REMSYN017 333 58000 60021;
0162821980999991996052312004-01717-045400FM-12+004499999V0200901N00361015001CN0100001N1+02431+02351101311ADDAA124017091AG10005AY161061AY251061GF108991051051017501021001KA1240N+99999MA1999999100791MD1999999+0181MW1611REMSYN023 333 20258 58018 60174;EQDQ01 +02582ATMN  
0124821980999991996052318004-01717-045400FM-12+004499999V0201401N00261045001CN0100001N1+02711+02581101081ADDAA106014091AG10005AY161061AY221061GF108991031021017501061001MA1999999100571MD1999999+0211MW1021REMSYN017 333 58021 60141;
0121821980999991996052412004-01717-045400FM-12+004499999V0203201N00261105001CN0100001N1+02711+02541101121ADDAA124014091AG10000GF105991021021017501041041KA1240N+02491MA1999999100621MD1999999-0171REMSYN023 333 20249 59017 60144;
0096821980999991996052418004-01717-045400FM-12+004499999V0203201N00311045001CN0100001N1+02941+02721100841ADDAA106000091AG10000GF106991041021017501061001MA1999999100331MD1999999-0241REMSYN011 333 59024;
0121821980999991996052512004-01717-045400FM-12+004499999V0202701N00051105001CN0100001N1+02611+02501101121ADDAA124028091AG10000GF105991021011017501041011KA1240N+02381MA1999999100601MD1999999-0021REMSYN023 333 20238 59002 60284;
0096821980999991996052518004-01717-045400FM-12+004499999V0200501N00571045001CN0100001N1+03101+02761100831ADDAA106000091AG10000GF106991041021017501061001MA1999999100321MD1999999-0011REMSYN011 333 59001;
0162821980999991996052712004-01717-045400FM-12+004499999V0200501N00151045001CN0100001N1+02421+02351101441ADDAA124053091AG10005AY161061AY221061GF107991031041017501041041KA1240N+99999MA1999999100921MD1999999+0121MW1021REMSYN023 333 20249 58012 60534;EQDQ01 +02492ATMN  
0096821980999991996052718004-01717-045400FM-12+004499999V0200501N00151045001CN0100001N1+02961+02741101091ADDAA106000091AG10000GF106991041021017501061011MA1999999100581MD1999999+0021REMSYN011 333 58002;
0115821980999991996052812004-01717-045400FM-12+004499999V0200901N00361220001CN0100001N1+02781+02561101201ADDAA106000091AG10000GF102991021011017501001001KA1240N+02471MA1999999100681MD1999999-0241REMSYN017 333 20247 59024;
0124821980999991996052918004-01717-045400FM-12+004499999V0200901N00361045001CN0100001N1+02421+02351100891ADDAA106015091AG10005AY161061AY291061GF108991041051017501041001MA1999999100381MD1999999+0001MW1021REMSYN017 333 58000 60151;
0143821980999991996053012004-01717-045400FM-12+004499999V0202301N00211045001CN0100001N1+02281+02261101161ADDAA124043091AG10005AY161061AY221061GF107991041021017501041041KA1240N+02331MA1999999100641MD1999999-0091MW1031REMSYN023 333 20233 59009 60434;
0096821980999991996053018004-01717-045400FM-12+004499999V0200501N00721015001CN0100001N1+02981+02701100871ADDAA106000091AG10000GF108991051021017501061001MA1999999100361MD1999999-0021REMSYN011 333 59002;
0121821980999991996053112004-01717-045400FM-12+004499999V0201401N00211045001CN0100001N1+02641+02611101231ADDAA124001091AG10000GF107991031021017501041041KA1240N+02471MA1999999100711MD1999999+0071REMSYN023 333 20247 58007 60014;
0124821980999991996053118004-01717-045400FM-12+004499999V0200501N00311015001CN0100001N1+02641+02551100941ADDAA106001091AG10001AY151061AY221061GF107991051021017501061001MA1999999100431MD1999999+0071MW1021REMSYN017 333 58007 69981;
0124821980999991996060118004-01717-045400FM-12+004499999V0201801N00101045001CN0100001N1+02541+02491101021ADDAA106009091AG10005AY161061AY221061GF108991041051017501041001MA1999999100511MD1999999+0081MW1021REMSYN017 333 58008 60091;
0124821980999991996060218004-01717-045400FM-12+004499999V0200501N00211045001CN0100001N1+02631+02451100991ADDAA106003091AG10005AY161061AY221061GF106991041021017501061001MA1999999100481MD1999999-0031MW1021REMSYN017 333 59003 60031;
0096821980999991996060318004-01717-045400FM-12+004499999V0200901N00211015001CN0100001N1+03061+02701100851ADDAA106000091AG10000GF105991051021017501001001MA1999999100341MD1999999-0141REMSYN011 333 59014;
0124821980999991996060418004-01717-045400FM-12+004499999V0209991C00001045001CN0100001N1+02711+02581100981ADDAA106000191AG10001AY151061AY291061GF107991031021017501061001MA1999999100471MD1999999+0131MW1031REMSYN017 333 58013 69911;
0121821980999991996060612004-01717-045400FM-12+004499999V0201401N00101045001CN0200001N1+02591+02511101471ADDAA124005091AG10000GF107991031021017501041011KA1240N+02541MA1999999100951MD1999999+0111REMSYN023 333 20254 58011 60054;
0131821980999991996060700004-01717-045400FM-12+004499999V0209991C00001220001CN0100001N1+02671+02631101251ADDAA106000091AG10000GA1001+999999999GF100991001001999999001001KA1240M+03111MA1999999100731MD1999999-0141REMSYN017 333 10311 59014;
0115821980999991996060712004-01717-045400FM-12+004499999V0200501N00311220001CN0100001N1+02781+02661101361ADDAA106000091AG10000GF102991011011017501041001KA1240N+02511MA1999999100841MD1999999-0111REMSYN017 333 20251 59011;
0124821980999991996060718004-01717-045400FM-12+004499999V0200501N00101015001CN0100001N1+02821+01711101021ADDAA106001091AG10005AY161061AY251061GF108991051021017501061001MA1999999100501MD1999999-0061MW1201REMSYN017 333 59006 60011;
0143821980999991996060812004-01717-045400FM-12+004499999V0209991C00001045001CN0100001N1+02651+02571101391ADDAA124002091AG10001AY151061AY211061GF106991031021017501061011KA1240N+02531MA1999999100871MD1999999+0031MW1031REMSYN023 333 20253 58003 60024;
0143821980999991996060912004-01717-045400FM-12+004499999V0200901N00361045001CN0200001N1+02621+02501101461ADDAA124011091AG10005AY161061AY221061GF105991021021017501061001KA1240N+02421MA1999999101941MD1999999+0071MW1021REMSYN023 333 20242 58007 60114;
0143821980999991996061012004-01717-045400FM-12+004499999V0200901N00151220001CN0200001N1+02481+02411101381ADDAA124015091AG10005AY161061AY221061GF103991031001017501061001KA1240N+02431MA1999999100871MD1999999-0071MW1021REMSYN023 333 20243 59007 60154;
0115821980999991996061112004-01717-045400FM-12+004499999V0201401N00211220001CN0200001N1+02661+02431101341ADDAA106000091AG10000GF102991021001017501061001KA1240N+02071MA1999999100831MD1999999+0011REMSYN017 333 20207 58001;
0115821980999991996061212004-01717-045400FM-12+004499999V0202301N00051220001CN0200001N1+02611+02501101271ADDAA106000091AG10000GF103991031001017501061001KA1240N+02471MA1999999100761MD1999999-0071REMSYN017 333 20247 59007;
0096821980999991996061218004-01717-045400FM-12+004499999V0201401N00261220001CN0200001N1+03101+02651101011ADDAA106000091AG10000GF104991021021017501061001MA1999999100501MD1999999-0021REMSYN011 333 59002;
0115821980999991996061312004-01717-045400FM-12+004499999V0209991C00001018001CN0100001N1+02581+02491101251ADDAA106000091AG10000GF108991051081017501041041KA1240N+02461MA1999999100731MD1999999-0031REMSYN017 333 20246 59003;
0115821980999991996061412004-01717-045400FM-12+004499999V0209991C00001045001CN0200001N1+02621+02531101361ADDAA106000091AG10000GF105991031021017501061001KA1240N+02431MA1999999101181MD1999999+0021REMSYN017 333 20243 58002;
0115821980999991996061418004-01717-045400FM-12+004499999V0201401N00261015001CN0200001N1+03091+02671100811ADDAA106000091AG10000GF106991061021017501001001MA1999999100302MD1999999-0141REMSYN011 333 59014;EQDQ01+100303APOSP 
0115821980999991996061512004-01717-045400FM-12+004499999V0200901N00261220001CN0200001N1+02681+02461101141ADDAA106000091AG10000GF103991031021017501001001KA1240N+02571MA1999999100621MD1999999+0021REMSYN017 333 20257 58002;
0096821980999991996061518004-01717-045400FM-12+004499999V0200501N00311015001CN0200001N1+03041+02701100851ADDAA106000091AG10000GF105991051021017501001001MA1999999100341MD1999999+0041REMSYN011 333 58004;
0137821980999991996061612004-01717-045400FM-12+004499999V0200901N00211045001CN0200001N1+02711+02631101061ADDAA106000091AG10000AY111061AY221061GF108991041071017501061001KA1240N+02611MA1999999100541MD1999999-0081MW1161REMSYN017 333 20261 59008;
0121821980999991996061712004-01717-045400FM-12+004499999V0201401N00211015001CN0200001N1+02661+02521100941ADDAA124001091AG10000GF106991061021017501001001KA1240N+02621MA1999999100421MD1999999-0121REMSYN023 333 20262 59012 69994;
0124821980999991996061718004-01717-045400FM-12+004499999V0200901N00261045001CN0200001N1+02701+02591100671ADDAA106012091AG10005AY161061AY221061GF106991041021017501061001MA1999999100161MD1999999-0161MW1021REMSYN017 333 59016 60121;
0131821980999991996061800004-01717-045400FM-12+004499999V0200901N00211220001CN0100001N1+02631+02511100921ADDAA106000091AG10000GA1001+999999999GF100991001001999999001001KA1240M+02891MA1999999100401MD1999999-0021REMSYN017 333 10289 59002;
0121821980999991996061812004-01717-045400FM-12+004499999V0200901N00151015001CN0200001N1+02891+02681100951ADDAA124012091AG10000GF105991051021017501001001KA1240N+02621MA1999999100431MD1999999+0011REMSYN023 333 20262 58001 60124;
0124821980999991996061818004-01717-045400FM-12+004499999V0203601N00211045001CN0200001N1+03101+02691100641ADDAA106001091AG10015AY191061AY261061GF106991041021017501041001MA1999999100131MD1999999-0031MW1021REMSYN017 333 59003 60011;
0162821980999991996062112004-01717-045400FM-12+004499999V0201801N00151220001CN0200001N1+02571+02551101321ADDAA124033091AG10005AY161061AY221061GF101991999021017501041001KA1240N+02481MA1999999100801MD1999999+0251MW1021REMSYN023 333 20248 58025 60334;EQDQ01+000032SCOTLC
0124821980999991996062118004-01717-045400FM-12+004499999V0200901N00261015001CN0200001N1+02931+02601101041ADDAA106003091AG10005AY161061AY221061GF105991051021017501001001MA1999999100531MD1999999+0111MW1021REMSYN017 333 58011 60031;
0121821980999991996062212004-01717-045400FM-12+004499999V0200901N00311015001CN0200001N1+02781+02621101151ADDAA124003091AG10000GF105991051011017501001001KA1240N+02611MA1999999100631MD1999999-0171REMSYN023 333 20261 59017 60034;
0096821980999991996062218004-01717-045400FM-12+004499999V0200901N00361220001CN0200001N1+03081+02651100991ADDAA106000091AG10000GF104991041021017501001001MA1999999100481MD1999999-0051REMSYN011 333 59005;
0131821980999991996062300004-01717-045400FM-12+004499999V0200501N00311220001CN0100001N1+02631+02501101211ADDAA106000091AG10000GA1001+999999999GF100991001001999999001001KA1240M+03131MA1999999100701MD1999999+0031REMSYN017 333 10313 58003;
0121821980999991996062412004-01717-045400FM-12+004499999V0200901N00361015001CN0200001N1+02801+02661101291ADDAA124018091AG10000GF106991061021017501001001KA1240N+02501MA1999999100771MD1999999-0081REMSYN023 333 20250 59008 60184;
0096821980999991996062418004-01717-045400FM-12+004499999V0200901N00411015001CN0200001N1+02991+02531100951ADDAA106000091AG10000GF105991051021017501001001MA1999999100441MD1999999-0191REMSYN011 333 59019;
0124821980999991996062518004-01717-045400FM-12+004499999V0201401N00151015001CN0200001N1+02961+02781100961ADDAA106003091AG10005AY161061AY221061GF106991061021017501001001MA1999999100451MD1999999+0011MW1021REMSYN017 333 58001 60031;
0121821980999991996062612004-01717-045400FM-12+004499999V0201401N00051220001CN0200001N1+02641+02551101161ADDAA124003091AG10000GF102991021011017501001001KA1240N+02491MA1999999100641MD1999999-0061REMSYN023 333 20249 59006 60034;
0096821980999991996062618004-01717-045400FM-12+004499999V0201401N00211015001CN0200001N1+03021+02841100791ADDAA106000091AG10000GF105991051021017501001001MA1999999100281MD1999999-0171REMSYN011 333 59017;
0115821980999991996062712004-01717-045400FM-12+004499999V0200901N00211220001CN0200001N1+02831+02711101111ADDAA106000091AG10000GF103991031011017501001001KA1240N+02561MA1999999100601MD1999999-0041REMSYN017 333 20256 59004;
0096821980999991996062718004-01717-045400FM-12+004499999V0200501N00461015001CN0200001N1+02931+02641100831ADDAA106000091AG10000GF105991051021017501001001MA1999999100321MD1999999+0041REMSYN011 333 58004;
0124821980999991996070118004-01717-045400FM-12+004499999V0202701N00151045001CN0200001N1+02631+02551101131ADDAA106001091AG10000AY111061AY221061GF108991041021017501041001MA1999999100621MD1999999+0001MW1021REMSYN017 333 59000 69981;
0124821980999991996070218004-01717-045400FM-12+004499999V0201401N00211045001CN0200001N1+02911+02721100971ADDAA106002091AG10005AY161061AY221061GF106991031021017501061001MA1999999100461MD1999999-0161MW1021REMSYN017 333 59016 60021;
0108821980999991996070312004-01717-045400FM-12+004499999V0200501N00311220001CN0200001N1+02781+02671101201ADDAA124002091AG10000GF104991041011017501001001MA1999999100681MD1999999-0041REMSYN023 333 20/// 59004 60024;
0102821980999991996070412004-01717-045400FM-12+004499999V0200501N00101045001CN0200001N1+02721+02581101241ADDAA106000091AG10000GF106991031021017501041041MA1999999100721MD1999999+0041REMSYN017 333 20/// 58004;
0108821980999991996070612004-01717-045400FM-12+004499999V0200901N00311015001CN0200001N1+02781+02521101401ADDAA124026091AG10000GF106991061021017501001001MA1999999100881MD1999999+0051REMSYN023 333 20/// 58005 60264;
0108821980999991996070712004-01717-045400FM-12+004499999V0201401N00211045001CN0200001N1+02531+02431101201ADDAA124005091AG10000GF106991031021017501041041MA1999999100681MD1999999-0201REMSYN023 333 20/// 59020 60054;
0108821980999991996070812004-01717-045400FM-12+004499999V0209991C00001220001CN0200001N1+02561+02511101111ADDAA124023091AG10000GF103991011011017501041011MA1999999100591MD1999999-0091REMSYN023 333 20/// 59009 60234;
0115821980999991996070818004-01717-045400FM-12+004499999V0200501N00461220001CN0200001N1+02801+02621100851ADDAA106000091AG10000GF101991999031017501041001MA1999999100341MD1999999-0181REMSYN011 333 59018;EQDQ01+000042SCOTLC
0102821980999991996070912004-01717-045400FM-12+004499999V0200501N00361045001CN0200001N1+02711+02581101241ADDAA106000091AG10000GF106991041021017501031011MA1999999100721MD1999999+0131REMSYN017 333 20/// 58013;
0124821980999991996071018004-01717-045400FM-12+004499999V0200501N00361015001CN0200001N1+02461+02371101171ADDAA106002091AG10005AY161061AY291061GF108991051051017501041001MA1999999100661MD1999999+0161MW1021REMSYN017 333 58016 60021;
0108821980999991996071112004-01717-045400FM-12+004499999V0200901N00211045001CN0200001N1+02711+02581101421ADDAA124002091AG10000GF107991041021017501031011MA1999999100901MD1999999-0061REMSYN023 333 20/// 59006 60024;
0108821980999991996071212004-01717-045400FM-12+004499999V0200501N00311045001CN0200001N1+02741+02631101291ADDAA124032091AG10000GF106991021021017501041011MA1999999100771MD1999999-0131REMSYN023 333 20/// 59013 60324;
0124821980999991996071218004-01717-045400FM-12+004499999V0203601N00151045001CN0200001N1+02571+02491101061ADDAA106010091AG10005AY161061AY221061GF108991031051017501041001MA1999999100551MD1999999-0011MW1021REMSYN017 333 59001 60101;
0108821980999991996071312004-01717-045400FM-12+004499999V0200901N00461220001CN0200001N1+02631+02531101281ADDAA124010091AG10000GF103991031021017501001001MA1999999100761MD1999999-0011REMSYN023 333 20/// 59001 60104;
0124821980999991996071318004-01717-045400FM-12+004499999V0200501N00571045001CN0200001N1+02981+02641100981ADDAA106002091AG10005AY161061AY221061GF106991041021017501061001MA1999999100471MD1999999-0081MW1021REMSYN017 333 59008 60021;
0124821980999991996071418004-01717-045400FM-12+004499999V0200501N00511045001CN0200001N1+02911+02501101041ADDAA106001091AG10001AY151061AY221061GF106991031021008001061001MA1999999100531MD1999999+0061MW1021REMSYN017 333 58006 60011;
0130821980999991996071512004-01717-045400FM-12+004499999V0200901N00571045001CN0200001N1+02821+02661101361ADDAA124002091AG10005AY161061AY201061GF106991031021017501031011MA1999999100841MD1999999+0021MW1031REMSYN023 333 20/// 58002 60024;
0124821980999991996071518004-01717-045400FM-12+004499999V0200901N00261045001CN0200001N1+02681+02611101131ADDAA106004091AG10005AY161061AY221061GF108991041021017501031001MA1999999100621MD1999999+0091MW1021REMSYN017 333 58009 60041;
0096821980999991996071618004-01717-045400FM-12+004499999V0200901N00511045001CN0200001N1+02761+02481101091ADDAA106000091AG10000GF106991041021017501061001MA1999999100581MD1999999-0041REMSYN011 333 59004;
0124821980999991996071818004-01717-045400FM-12+004499999V0200901N00261045001CN0200001N1+02861+02741101141ADDAA106000591AG10001AY151061AY221061GF107991041021017501061001MA1999999100631MD1999999-0061MW1021REMSYN017 333 59006 69941;
0073821980999991996071912004-01717-045400FM-12+004499999V0200501N00211220001CN0200001N1+02551+02501101331ADDAG10005AY161061AY201061GF104991999999017501999999MA1999999100811MW1031
0096821980999991996071918004-01717-045400FM-12+004499999V0200901N00571015001CN0200001N1+02991+02551101041ADDAA106000091AG10000GF105991051021017501001001MA1999999100531MD1999999-0101REMSYN011 333 59010;
0102821980999991996072012004-01717-045400FM-12+004499999V0201401N00151220001CN0200001N1+02811+02681101251ADDAA106000091AG10000GF103991031011017501001001MA1999999100731MD1999999-0081REMSYN017 333 20/// 59008;
0096821980999991996072018004-01717-045400FM-12+004499999V0200901N00361015001CN0200001N1+03081+02721100991ADDAA106000091AG10000GF105991051021017501001001MA1999999100481MD1999999-0061REMSYN011 333 59006;
0108821980999991996072212004-01717-045400FM-12+004499999V0200501N00411045001CN0200001N1+02761+02601101421ADDAA124004091AG10000GF106991031021017501031011MA1999999100901MD1999999+0101REMSYN023 333 20/// 58010 60044;
0096821980999991996072518004-01717-045400FM-12+004499999V0201401N00461220001CN0200001N1+02991+02491101031ADDAA106000091AG10000GF104991041021017501001001MA1999999100521MD1999999-0011REMSYN011 333 59001;
0096821980999991996072618004-01717-045400FM-12+004499999V0200501N00511045001CN0200001N1+02941+02641100971ADDAA106000091AG10000GF105991031021017501061001MA1999999100461MD1999999-0061REMSYN011 333 59006;
0108821980999991996072812004-01717-045400FM-12+004499999V0201401N00671015001CN0200001N1+02811+02541101351ADDAA124015091AG10000GF106991061021017501001001MA1999999100831MD1999999+0041REMSYN023 333 20/// 58004 60154;
0108821980999991996072912004-01717-045400FM-12+004499999V0200501N00311045001CN0200001N1+02731+02561101451ADDAA124008091AG10000GF106991031021017501031011MA1999999100931MD1999999+0101REMSYN023 333 20/// 58010 60084;
0124821980999991996073018004-01717-045400FM-12+004499999V0200501N00311045001CN0200001N1+02521+02361101151ADDAA106010091AG10005AY161061AY221061GF106991041021017501061001MA1999999100631MD1999999+0081MW1021REMSYN017 333 58008 60101;
0096821980999991996073118004-01717-045400FM-12+004499999V0200501N00511015001CN0200001N1+03141+02741101101ADDAA106000091AG10000GF106991061021017501001001MA1999999100591MD1999999-0151REMSYN011 333 59015;
0096821980999991996080118004-01717-045400FM-12+004499999V0200501N00311015001CN0200001N1+02941+02781101041ADDAA106000091AG10000GF108991051041017501061001MA1999999100531MD1999999-0061REMSYN011 333 59006;
0096821980999991996080218004-01717-045400FM-12+004499999V0200501N00361015001CN0200001N1+03001+02601101141ADDAA106000091AG10000GF106991061021017501001001MA1999999100631MD1999999+0101REMSYN011 333 58010;
0096821980999991996080418004-01717-045400FM-12+004499999V0200901N00721015001CN0200001N1+03001+02461101071ADDAA106000091AG10000GF105991051021017501001001MA1999999100561MD1999999-0151REMSYN011 333 59015;
0124821980999991996080518004-01717-045400FM-12+004499999V0200901N00411045001CN0200001N1+02881+02541101051ADDAA106001091AG10001AY151061AY221061GF105991041021017501061001MA1999999100541MD1999999-0021MW1021REMSYN017 333 59002 60011;
0096821980999991996080618004-01717-045400FM-12+004499999V0200501N00311015001CN0200001N1+02921+02681100991ADDAA106000091AG10000GF107991051021017501061001MA1999999100481MD1999999-0061REMSYN011 333 59006;
0096821980999991996080718004-01717-045400FM-12+004499999V0200901N00511015001CN0200001N1+03061+02761101041ADDAA106000091AG10000GF105991051021017501001001MA1999999100531MD1999999+0051REMSYN011 333 58005;
0096821980999991996081118004-01717-045400FM-12+004499999V0200501N00511015001CN0200001N1+02981+02841101041ADDAA106000091AG10000GF106991061021017501001001MA1999999100531MD1999999-0021REMSYN011 333 59002;
0102821980999991996081312004-01717-045400FM-12+004499999V0200901N00311015001CN0200001N1+02801+02661101401ADDAA106000091AG10000GF105991051021017501001001MA1999999100881MD1999999-0051REMSYN017 333 20/// 59005;
0062821980999991996081318004-01717-045400FM-12+004499999V0200501N00311999999CN0200001N1+03041+02761101041ADDAA106000091AG10000GF105991051999017501999999MA1999999100531
0102821980999991996081412004-01717-045400FM-12+004499999V0200501N00361015001CN0200001N1+02821+02661101321ADDAA106000091AG10000GF105991051021017501001001MA1999999100801MD1999999-0081REMSYN017 333 20/// 59008;
0096821980999991996081418004-01717-045400FM-12+004499999V0200901N00411220001CN0200001N1+03061+02741101001ADDAA106000091AG10000GF104991041021017501001001MA1999999100491MD1999999-0041REMSYN011 333 59004;
0096821980999991996081518004-01717-045400FM-12+004499999V0200901N00511220001CN0200001N1+03001+02821101091ADDAA106000091AG10000GF104991041021017501001001MA1999999100581MD1999999+0091REMSYN011 333 58009;
0096821980999991996081618004-01717-045400FM-12+004499999V0200501N00621015001CN0200001N1+03001+02531101081ADDAA106000091AG10000GF105991051021017501001001MA1999999100571MD1999999-0011REMSYN011 333 59001;
0096821980999991996081718004-01717-045400FM-12+004499999V0200901N00461015001CN0200001N1+03021+02551101041ADDAA106000091AG10000GF105991051021017501001001MA1999999100531MD1999999-0041REMSYN011 333 59004;
0124821980999991996081818004-01717-045400FM-12+004499999V0200901N00511045001CN0200001N1+02841+02501101121ADDAA106000591AG10001AY151061AY221061GF106991041021017501061001MA1999999100611MD1999999+0081MW1021REMSYN017 333 58008 69941;
0110821980999991996081918004-01717-045400FM-12+004499999V0201401N00461045001CN0200001N1+02841+02401101151ADDAA106000191AG10001AY151061AY221061GF105991031021017501061001MA1999999100641MW1021REMSYN017 333 25800 69921;
0087821980999991996082018004-01717-045400FM-12+004499999V0200901N00461015001CN0200001N1+02761+02581100931ADDAG10005AY161061AY221061GF106991061021017501001001MA1999999100421MW1021REMSYN005 333;
0143821980999991996082100004-01717-045400FM-12+004499999V0200501N00051220001CN0020001N1+02561+02511101151ADDAA106007091AG10005AY161061AY251061GF103991021021017501061001KA1240M+03151MA1999999100631MD1999999-0091MW1011REMSYN023 333 10315 59009 60071;
0121821980999991996082112004-01717-045400FM-12+004499999V0200501N00411045001CN0200001N1+02611+02571101171ADDAA106014091AG10000GF106991041021017501031001KA1240N+01111MA1999999100651MD1999999-0131REMSYN023 333 20111 59013 60141;
0124821980999991996082118004-01717-045400FM-12+004499999V0200501N00151045001CN0200001N1+02561+02441100951ADDAA106006091AG10016AY191061AY261061GF106991041021017501061001MA1999999100441MD1999999+0021MW1021REMSYN017 333 58002 60061;
0124821980999991996082418004-01717-045400FM-12+004499999V0200501N00361220001CN0200001N1+02981+02721100831ADDAA106000191AG10001AY151061AY221061GF104991041021017501001001MA1999999100321MD1999999-0081MW1021REMSYN017 333 59008 69921;
0085821980999991996082618004-01717-045400FM-12+004499999V0200501N005712200019N0200001N1+03011+02621100761ADDAG10000GF105991041021017501001011MA1999999100251MD1999999+0021REMSYN011 333 58002;
0131821980999991996082700004-01717-045400FM-12+004499999V0200501N00311220001CN0020001N1+02581+02491101081ADDAA106000091AG10000GA1001+999999999GF100991001001999999001001KA1240M+03171MA1999999100561MD1999999+0121REMSYN017 333 10317 58012;
0085821980999991996082718004-01717-045400FM-12+004499999V0200901N003610150019N0200001N1+03061+02571100871ADDAG10000GF106991061021017501001001MA1999999100361MD1999999+0111REMSYN011 333 58011;
0096821980999991996082818004-01717-045400FM-12+004499999V0200901N00671015001CN0200001N1+03531+02711100971ADDAA106000091AG10000GF105991051021017501001001MA1999999100461MD1999999+0101REMSYN011 333 58010;
0115821980999991996082912004-01717-045400FM-12+004499999V0200501N00511015001CN0200001N1+02781+02621101191ADDAA106000091AG10000GF106991061021017501001001KA1240N+00001MA1999999100671MD1999999-0081REMSYN017 333 20000 59008;
0096821980999991996083018004-01717-045400FM-12+004499999V0200901N00511015001CN0200001N1+02961+02531100841ADDAA106000091AG10000GF105991051021017501001001MA1999999100331MD1999999-0111REMSYN011 333 59011;
0096821980999991996090118004-01717-045400FM-12+004499999V0200901N00571015001CN0200001N1+03061+02571100871ADDAA106000091AG10000GF105991051021017501001001MA1999999100361MD1999999-0071REMSYN011 333 59007;
0102821980999991996090212004-01717-045400FM-12+004499999V0200501N00411220001CN0200001N1+02781+02621101221ADDAA106000091AG10000GF103991011011017501031011MA1999999100701MD1999999+0121REMSYN017 333 20/// 58012;
0096821980999991996090418004-01717-045400FM-12+004499999V0200901N00671220001CN0200001N1+03061+02391100811ADDAA106000091AG10000GF102991021011017501001001MA1999999100291MD1999999-0071REMSYN011 333 59007;
0096821980999991996090518004-01717-045400FM-12+004499999V0200501N00571015001CN0200001N1+03061+02471100791ADDAA106000091AG10000GF105991051021017501001001MA1999999100281MD1999999-0011REMSYN011 333 59001;
0150821980999991996090612004-01717-045400FM-12+004499999V0200201N023112200019N9999999N9+99999+99999101171ADDAA106000091AG10000GF102991999021999999001001KA1240N+02331MA1999999100751MD1999999+0041REMSYN017 333 20233 58004;EQDQ01+000032SCOTLCQ02+000002VOVAR 
0096821980999991996090818004-01717-045400FM-12+004499999V0200901N00621220001CN0200001N1+03091+02581100641ADDAA106000091AG10000GF103991031021017501001001MA1999999100121MD1999999-0061REMSYN011 333 59006;
0096821980999991996090918004-01717-045400FM-12+004499999V0200901N00771220001CN0200001N1+03041+02551100791ADDAA106000091AG10000GF103991031021017501001001MA1999999100281MD1999999+0121REMSYN011 333 58012;
0096821980999991996091018004-01717-045400FM-12+004499999V0200901N00721220001CN0200001N1+03081+02581100931ADDAA106000091AG10000GF102991021011017501001001MA1999999100421MD1999999+0141REMSYN011 333 58014;
0102821980999991996091112004-01717-045400FM-12+004499999V0200901N00571015001CN0200001N1+02831+02461101231ADDAA106000091AG10000GF107991071021017501001001MA1999999100711MD1999999-0091REMSYN017 333 20/// 59009;
0096821980999991996091118004-01717-045400FM-12+004499999V0200901N00721220001CN0200001N1+03041+02661100971ADDAA106000091AG10000GF103991031021017501001001MA1999999100461MD1999999+0041REMSYN011 333 58004;
0102821980999991996091212004-01717-045400FM-12+004499999V0200901N00621015001CN0200001N1+02831+02521101181ADDAA106000091AG10000GF106991061021017501001001MA1999999100661MD1999999+0051REMSYN017 333 20/// 58005;
0096821980999991996091218004-01717-045400FM-12+004499999V0200901N00571220001CN0200001N1+03091+02741100881ADDAA106000091AG10000GF104991041021017501001001MA1999999100371MD1999999-0091REMSYN011 333 59009;
0096821980999991996091318004-01717-045400FM-12+004499999V0201401N00411015001CN0200001N1+03041+02741100891ADDAA106000091AG10000GF105991051021017501001001MA1999999100381MD1999999+0011REMSYN011 333 58001;
0102821980999991996091412004-01717-045400FM-12+004499999V0200501N00411015001CN0200001N1+02831+02621101171ADDAA106000091AG10000GF106991061021017501001001MA1999999100651MD1999999-0011REMSYN017 333 20/// 59001;
0096821980999991996091418004-01717-045400FM-12+004499999V0200501N00671045001CN0200001N1+02921+02641100871ADDAA106000091AG10000GF106991041021017501061001MA1999999100361MD1999999-0021REMSYN011 333 59002;
0096821980999991996091518004-01717-045400FM-12+004499999V0200501N00511045001CN0200001N1+03061+02591100951ADDAA106000091AG10000GF106991031021017501061001MA1999999100441MD1999999+0081REMSYN011 333 58008;
0102821980999991996091612004-01717-045400FM-12+004499999V0200501N00461015001CN0200001N1+02831+02561101181ADDAA106000091AG10000GF107991071021017501001001MA1999999100671MD1999999+0041REMSYN017 333 20/// 58004;
0096821980999991996091618004-01717-045400FM-12+004499999V0200901N00621220001CN0200001N1+03041+02741100881ADDAA106000091AG10000GF104991041021017501001001MA1999999100371MD1999999-0071REMSYN011 333 59007;
0102821980999991996091712004-01717-045400FM-12+004499999V0200901N00571015001CN0200001N1+02861+02641101331ADDAA106000091AG10000GF108991061021017501061001MA1999999100811MD1999999+0141REMSYN017 333 20/// 58014;
0096821980999991996091718004-01717-045400FM-12+004499999V0200901N00671045001CN0200001N1+03041+02701100991ADDAA106000091AG10000GF106991031021017501061001MA1999999100481MD1999999+0111REMSYN011 333 58011;
0124821980999991996091818004-01717-045400FM-12+004499999V0200901N00621045001CN0200001N1+02961+02831101001ADDAA106002091AG10001AY151061AY221061GF106991041021017501061001MA1999999100491MD1999999+0011MW1031REMSYN017 333 58001 60021;
0108821980999991996091912004-01717-045400FM-12+004499999V0200901N00571015001CN0200001N1+02861+02601101321ADDAA124002091AG10000GF106991061021017501001001MA1999999100801MD1999999+0051REMSYN023 333 20/// 58005 60024;
0102821980999991996092112004-01717-045400FM-12+004499999V0200901N00621015001CN0200001N1+02771+02481101191ADDAA106000091AG10000GF107991071021017501001001MA1999999100671MD1999999-0121REMSYN017 333 20/// 59012;
0096821980999991996092212004-01717-045400FM-12+004499999V0200901N00311015001CN0200001N1+02841+02681101421ADDAA106000091AG10000GF108991051021017501061001MA1999999100911MD1999999+0241REMSYN011 333 58024;
0096821980999991996092218004-01717-045400FM-12+004499999V0200501N00621015001CN0200001N1+03121+02721101051ADDAA106000091AG10000GF105991051021017501001001MA1999999100541MD1999999+0101REMSYN011 333 58010;
0096821980999991996092318004-01717-045400FM-12+004499999V0200501N00511015001CN0200001N1+03081+02721100941ADDAA106000091AG10000GF105991051021017501091001MA1999999100431MD1999999-0111REMSYN011 333 59011;
0102821980999991996092412004-01717-045400FM-12+004499999V0200501N00361015001CN0200001N1+02801+02601101251ADDAA106000091AG10000GF106991061021017501001001MA1999999100731MD1999999-0051REMSYN017 333 20/// 59005;
0062821980999991996092418004-01717-045400FM-12+004499999V0200501N00411015001CN0200001N1+03111+02691100851ADDAA106000091AG10000GF105991051021017501001999MA1999999100341
0102821980999991996092512004-01717-045400FM-12+004499999V0200501N00671015001CN0200001N1+02861+02541101151ADDAA106000091AG10000GF108991081021017501001001MA1999999100641MD1999999-0091REMSYN017 333 20/// 59009;
0096821980999991996092718004-01717-045400FM-12+004499999V0200901N00411015001CN0200001N1+03041+02721100791ADDAA106000091AG10000GF105991051021017501001001MA1999999100281MD1999999-0101REMSYN011 333 59010;
0102821980999991996092812004-01717-045400FM-12+004499999V0200501N00311045001CN0200001N1+02811+02621101101ADDAA106000091AG10000GF106991031021017501061001MA1999999100581MD1999999-0031REMSYN017 333 20/// 59003;
0096821980999991996092818004-01717-045400FM-12+004499999V0200501N00511015001CN0200001N1+03081+02721100841ADDAA106000091AG10000GF105991051021017501001001MA1999999100331MD1999999+0051REMSYN011 333 58005;
0108821980999991996092912004-01717-045400FM-12+004499999V0200501N00511220001CN0200001N1+02891+02641101261ADDAA124000591AG10000GF103991031021017501001001MA1999999100741MD1999999+0161REMSYN023 333 20/// 58016 69944;
0096821980999991996092918004-01717-045400FM-12+004499999V0200901N00721220001CN0200001N1+03091+02691101051ADDAA106000091AG10000GF103991031021017501001001MA1999999100541MD1999999+0211REMSYN011 333 58021;
0102821980999991996100312004-01717-045400FM-12+004499999V0200901N00461015001CN0200001N1+02851+02621101151ADDAA106000091AG10000GF106991061021017501001001MA1999999100631MD1999999+0031REMSYN017 333 20/// 58003;
0096821980999991996100418004-01717-045400FM-12+004499999V0200501N00511220001CN0200001N1+03161+02661100931ADDAA106000091AG10000GF103991031021017501001001MA1999999100421MD1999999+0041REMSYN011 333 58004;
0131821980999991996100500004-01717-045400FM-12+004499999V0200501N00261220001CN0020001N1+02671+02501101061ADDAA106000091AG10000GA1001+999999999GF100991001001999999001001KA1240M+03291MA1999999100551MD1999999+0101REMSYN017 333 10329 58010;
0102821980999991996100512004-01717-045400FM-12+004499999V0201401N00461015001CN0200001N1+02951+02541101251ADDAA106000091AG10000GF105991051021017501001001MA1999999100731MD1999999+0001REMSYN017 333 20/// 58000;
0102821980999991996100712004-01717-045400FM-12+004499999V0200901N00311045001CN0200001N1+02821+02731101091ADDAA106000091AG10000GF106991021021017501041011MA1999999100571MD1999999-0011REMSYN017 333 20/// 59001;
0102821980999991996100912004-01717-045400FM-12+004499999V0201401N00571015001CN0200001N1+02851+02441101201ADDAA106000091AG10000GF106991061021017501001001MA1999999100681MD1999999-0051REMSYN017 333 20/// 59005;
0121821980999991996100918004-01717-045400FM-12+004499999V0200501N00621015001CN0200001N1+03091+02521100891ADDAA106000391AG10000GF105991051021017501001001MA1999999100381MD1013522-0041REMSYN017 333 59004 69931;EQDQ01+003522APC3  
0096821980999991996101118004-01717-045400FM-12+004499999V0200501N00511015001CN0200001N1+03021+02761100591ADDAA106000091AG10000GF105991051021017501001001MA1999999100081MD1999999-0151REMSYN011 333 59015;
0096821980999991996101218004-01717-045400FM-12+004499999V0200901N00721015001CN0200001N1+02961+02641100631ADDAA106000091AG10000GF106991061021017501001001MA1999999100121MD1999999+0041REMSYN011 333 58004;
0102821980999991996101412004-01717-045400FM-12+004499999V0200501N00571015001CN0200001N1+02841+02661101131ADDAA106000091AG10000GF107991051021017501061001MA1999999100611MD1999999+0181REMSYN017 333 20/// 58018;
0096821980999991996101418004-01717-045400FM-12+004499999V0200501N00571220001CN0200001N1+03121+02731100801ADDAA106000091AG10000GF104991041021017501001001MA1999999100291MD1999999+0041REMSYN011 333 58004;
0096821980999991996101518004-01717-045400FM-12+004499999V0203601N00511015001CN0200001N1+03001+02741100871ADDAA106000091AG10000GF108991081021017501001001MA1999999100361MD1999999+0071REMSYN011 333 58007;
0096821980999991996101718004-01717-045400FM-12+004499999V0200501N00511045001CN0200001N1+02961+02741100791ADDAA106000091AG10000GF108991041021017501031001MA1999999100281MD1999999-0151REMSYN011 333 59015;
0102821980999991996101812004-01717-045400FM-12+004499999V0200901N00211015001CN0200001N1+02831+02661102101ADDAA106000091AG10000GF106991061021017501001001MA1999999100681MD1999999+0051REMSYN017 333 20/// 58005;
0143821980999991996101818004-01717-045400FM-12+004499999V0200901N00571220001CN0200001N1+03061+02671100692ADDAA106002091AG10001AY151061AY221061GF104991041021017501001001MA1999999100181MD1999999-0101MW1021REMSYN017 333 59010 60021;EQDQ01+100693APOSLP
0108821980999991996101912004-01717-045400FM-12+004499999V0200501N00621015001CN0200001N1+02881+02631101111ADDAA124002091AG10000GF105991051021017501001001MA1999999100591MD1999999-0091REMSYN023 333 20/// 59009 60024;
0096821980999991996102018004-01717-045400FM-12+004499999V0200901N00571015001CN0200001N1+03111+02671100971ADDAA106000091AG10000GF105991051021017501001001MA1999999100461MD1999999+0021REMSYN011 333 58002;
0102821980999991996102112004-01717-045400FM-12+004499999V0200901N00721220001CN0200001N1+02931+02541101221ADDAA106000091AG10000GF103991031021017501001001MA1999999100701MD1999999-0021REMSYN017 333 20/// 59002;
0096821980999991996102118004-01717-045400FM-12+004499999V0200501N00721220001CN0200001N1+03121+02711100851ADDAA106000091AG10000GF103991031021017501001001MA1999999100341MD1999999-0121REMSYN011 333 59012;
0096821980999991996102218004-01717-045400FM-12+004499999V0200901N00621045001CN0200001N1+03041+02631100791ADDAA106000091AG10000GF106991041021017501061001MA1999999100281MD1999999-0061REMSYN011 333 59006;
0096821980999991996102418004-01717-045400FM-12+004499999V0200901N00621015001CN0200001N1+03081+02631100881ADDAA106000091AG10000GF106991061021017501001001MA1999999100371MD1999999+0011REMSYN011 333 58001;
0096821980999991996102718004-01717-045400FM-12+004499999V0200501N00511220001CN0200001N1+03141+02641100771ADDAA106000091AG10000GF103991031021017501001001MA1999999100261MD1999999-0171REMSYN011 333 59017;
0096821980999991996102918004-01717-045400FM-12+004499999V0200901N00721220001CN0200001N1+03161+02641100731ADDAA106000091AG10000GF103991021011017501001011MA1999999100221MD1999999-0071REMSYN011 333 59007;
0102821980999991996110412004-01717-045400FM-12+004499999V0200501N00671015001CN0200001N1+02831+02481100981ADDAA106000091AG10000GF106991061021017501001001MA1999999100471MD1999999+0071REMSYN017 333 20/// 58007;
0062821980999991996110512004-01717-045400FM-12+004499999V0201401N00411015001CN0200001N1+02831+02661101021ADDAA106000091AG10000GF107991051021017501061001MA1999999100501
0102821980999991996110612004-01717-045400FM-12+004499999V0201401N00671045001CN0200001N1+02851+02481100971ADDAA106000091AG10000GF107991041021017501061001MA1999999100451MD1999999-0051REMSYN017 333 20/// 59005;
0096821980999991996110718004-01717-045400FM-12+004499999V0200501N00461015001CN0200001N1+03121+02711100541ADDAA106000091AG10000GF106991061021017501001001MA1999999100031MD1999999-0151REMSYN011 333 59015;
0102821980999991996110812004-01717-045400FM-12+004499999V0200501N00621015001CN0200001N1+02891+02691100821ADDAA106000091AG10000GF106991061021017501001001MA1999999100301MD1999999-0101REMSYN017 333 20/// 59010;
0096821980999991996111018004-01717-045400FM-12+004499999V0200901N00821220001CN0200001N1+03201+02651100751ADDAA106000091AG10000GF104991041021017501001001MA1999999100241MD1999999+0111REMSYN011 333 58011;
0096821980999991996111118004-01717-045400FM-12+004499999V0200901N00621015001CN0200001N1+03041+02611100691ADDAA106000091AG10000GF106991061021017501001001MA1999999100181MD1999999-0061REMSYN011 333 59006;
0096821980999991996111318004-01717-045400FM-12+004499999V0200501N00621045001CN0200001N1+02921+02761100691ADDAA106000091AG10000GF108991041021017501061001MA1999999100181MD1999999+0031REMSYN011 333 58003;
0115821980999991996111600004-01717-045400FM-12+004499999V0200501N00361220001CN0020001N1+02581+02511100611ADDAA106000091AG10000GF103991031001017501061001KA1240M+03131MA1999999100101MD1999999-0071REMSYN017 333 10313 59007;
0102821980999991996111612004-01717-045400FM-12+004499999V0200501N00361045001CN0200001N1+02801+02711100841ADDAA106000091AG10000GF106991031021017501061001MA1999999100321MD1999999+0001REMSYN017 333 20/// 58000;
0096821980999991996111618004-01717-045400FM-12+004499999V0200501N00511015001CN0200001N1+03071+02741100591ADDAA106000091AG10000GF106991061021017501001001MA1999999100081MD1999999-0081REMSYN011 333 59008;
0096821980999991996111818004-01717-045400FM-12+004499999V0201801N00211045001CN0200001N1+02941+02781100551ADDAA106000091AG10000GF108991041021017501061001MA1999999100041MD1999999-0091REMSYN011 333 59009;
0096821980999991996111918004-01717-045400FM-12+004499999V0200501N00411015001CN0200001N1+03171+02731100591ADDAA106000091AG10000GF105991051021017501001001MA1999999100081MD1999999+0041REMSYN011 333 58004;
0096821980999991996112018004-01717-045400FM-12+004499999V0200501N00571015001CN0200001N1+03131+02711100561ADDAA106000091AG10000GF105991051021017501001001MA1999999100051MD1999999-0031REMSYN011 333 59003;
0115821980999991996112100004-01717-045400FM-12+004499999V0200501N00461220001CN0020001N1+02651+02571100781ADDAA106000091AG10000GF102991021001017501001011KA1240M+03291MA1999999100261MD1999999-0061REMSYN017 333 10329 59006;
0096821980999991996112218004-01717-045400FM-12+004499999V0200501N00621045001CN0200001N1+03131+02711100591ADDAA106000091AG10000GF106991021021017501061021MA1999999100081MD1999999-0041REMSYN011 333 59004;
0115821980999991996112300004-01717-045400FM-12+004499999V0200501N00211220001CN0020001N1+02671+02531100851ADDAA106000091AG10000GF104991021021017501041031KA1240M+03301MA1999999100341MD1999999+0071REMSYN017 333 10330 58007;
0102821980999991996112318004-01717-045400FM-12+004499999V0200501N00411105001CN0200001N1+02881+02831100931ADDAA106000091AG10000GF105991021021017501041011MA1999999100421MD1999999+0021REMSYN017 333 29/// 58002;
0115821980999991996112500004-01717-045400FM-12+004499999V0200501N00511045001CN0020001N1+02661+02571100951ADDAA106000091AG10000GF105991031011017501041011KA1240M+03251MA1999999100441MD1999999+0061REMSYN017 333 10325 58006;
0102821980999991996112512004-01717-045400FM-12+004499999V0201401N00151045001CN0200001N1+02871+02711101141ADDAA106000091AG10000GF106991031021017501061001MA1999999100631MD1999999+0101REMSYN017 333 20/// 58010;
0096821980999991996112518004-01717-045400FM-12+004499999V0200501N00571045001CN0200001N1+03141+02771100781ADDAA106000091AG10000GF106991031021017501061011MA1999999100271MD1999999-0071REMSYN011 333 59007;
0096821980999991996112618004-01717-045400FM-12+004499999V0200901N00511220001CN0200001N1+03171+02731100651ADDAA106000091AG10000GF103991031021017501001001MA1999999100141MD1999999-0131REMSYN011 333 59013;
0115821980999991996112700004-01717-045400FM-12+004499999V0200501N00361220001CN0020001N1+02651+02531100771ADDAA106000091AG10000GF104991021011017501041011KA1240M+03311MA1999999100261MD1999999-0141REMSYN017 333 10331 59014;
0096821980999991996112718004-01717-045400FM-12+004499999V0200501N00461045001CN0200001N1+03071+02721100641ADDAA106000091AG10000GF106991031021017501061011MA1999999100131MD1999999-0011REMSYN011 333 59001;
0096821980999991996112818004-01717-045400FM-12+004499999V0200901N00461220001CN0200001N1+03241+02741100691ADDAA106000091AG10000GF103991021011017501001011MA1999999100181MD1999999+0051REMSYN011 333 58005;
0096821980999991996120118004-01717-045400FM-12+004499999V0200901N00671220001CN0200001N1+03171+02731100741ADDAA106000091AG10000GF105991031021008001001011MA1999999100231MD1999999-0091REMSYN011 333 59009;
0131821980999991996121700004-01717-045400FM-12+004499999V0200501N00361220001CN0020001N1+02671+02531100781ADDAA106000091AG10000GA1001+999999999GF100991001001999999001001KA1240M+03271MA1999999100271MD1999999-0101REMSYN017 333 10327 59010;
0090821980999991996121812004-01717-045400FM-12+004499999V0200501N00311220001CN0200001N1+02911+02851101201ADDAA106000091AG10000GF105991021011017501001011MA1999999100511REMSYN019 222// 20/// 58005;
0096821980999991996121818004-01717-045400FM-12+004499999V0200901N00721220001CN0200001N1+03221+02761100791ADDAA106000091AG10000GF103991031021017501001001MA1999999100281MD1999999+0051REMSYN011 333 58005;
0102821980999991996122212004-01717-045400FM-12+004499999V0200501N00511045001CN0200001N1+02881+02741101111ADDAA106000091AG10000GF106991031021017501041011MA1999999100601MD1999999+0041REMSYN017 333 20/// 58004;
0096821980999991996122218004-01717-045400FM-12+004499999V0200501N00671220001CN0200001N1+03241+02831100891ADDAA106000091AG10000GF103991031021017501001001MA1999999100381MD1999999+0141REMSYN011 333 58014;
0096821980999991996122318004-01717-045400FM-12+004499999V0200501N00621045001CN0200001N1+03061+02761100771ADDAA106000091AG10000GF105991031021017501031001MA1999999100261MD1999999-0121REMSYN011 333 59012;
0096821980999991996122418004-01717-045400FM-12+004499999V0200901N00621015001CN0200001N1+03201+02811100671ADDAA106000091AG10000GF105991051021017501001001MA1999999100161MD1999999-0101REMSYN011 333 59010;
0102821980999991996122512004-01717-045400FM-12+004499999V0200501N00571220001CN0200001N1+02951+02791100951ADDAA106000091AG10000GF104991041021017501001001MA1999999100441MD1999999-0051REMSYN017 333 20/// 59005;
0096821980999991996122518004-01717-045400FM-12+004499999V0200901N00571220001CN0200001N1+03281+02811100671ADDAA106000091AG10000GF104991041021017501001001MA1999999100161MD1999999+0001REMSYN011 333 58000;
0102821980999991996122612004-01717-045400FM-12+004499999V0200501N00461105001CN0200001N1+02951+02831101011ADDAA106000091AG10000GF105991021021017501031011MA1999999100581MD1999999+0061REMSYN017 333 20/// 58006;
0096821980999991996122618004-01717-045400FM-12+004499999V0200501N00511045001CN0200001N1+03161+02861100741ADDAA106000091AG10000GF106991041021008001061001MA1999999100231MD1999999+0071REMSYN011 333 58007;
0102821980999991996122712004-01717-045400FM-12+004499999V0200501N00361015001CN0200001N1+02901+02851100931ADDAA106000091AG10000GF105991051021017501001001MA1999999100421MD1999999-0081REMSYN017 333 20/// 59008;
0096821980999991996122718004-01717-045400FM-12+004499999V0200501N00721015001CN0200001N1+03141+02791100641ADDAA106000091AG10000GF105991051021017501001001MA1999999100131MD1999999-0101REMSYN011 333 59010;
0124821980999991996122818004-01717-045400FM-12+004499999V0200501N00511045001CN0200001N1+02861+02751100691ADDAA106004091AG10006AY161061AY221061GF108991041021017501061001MA1999999100181MD1999999+0051MW1021REMSYN017 333 58005 60041;
0096821980999991996123118004-01717-045400FM-12+004499999V0200501N00821220001CN0200001N1+03161+02771100441ADDAA106000091AG10000GF104991041021017501001001MA1999999099931MD1999999-0161REMSYN011 333 59016;
