0167829750999992002031118004-09100-044110FM-12+033199999V0201401N002610450019N0100001N1+03111+01801101181ADDAA199000091GF107991031051008001021021MA1999999097421MD1999999+0151REMSYN070AAXX  11184 82975 32597 71405 10311 20180 39742 40118 83522 333 58015;EQDQ01  00002PRCP99
0167829750999992002031818004-09100-044110FM-12+033199999V0209999C000010450019N0040001N1+03391+02121100911ADDAA199000091GF106991031051008001021021MA1999999097201MD1999999+0051REMSYN070AAXX  18184 82975 32596 60000 10339 20212 39720 40091 83522 333 58005;EQDQ01  00002PRCP99
0214829750999992002031900004-09100-044110FM-12+033199999V0209999C000010450019N0020001N1+02811+02151101001ADDAA199000091GF106991031041008001021081KA1240M+03421MA1999999090202MD1999999+0001REMSYN088AAXX  19004 82975 32595 60000 10281 20215 39020 40100 83428 333 10342 29066 55035 58000;EQDQ01+090203APOSP Q02  00002PRCP99
0173829750999992002041012004-09100-044110FM-12+033199999V0200901N002610075019N0040001N1+02431+02071101321ADDAA124049091GF107991061041008001021021KA1240N+01851MA1999999097441MD1999999+0041REMSYN082AAXX  10124 82975 22596 70905 10243 20207 39744 40132 86422 333 20185 58004 60494;
0186829750999992002043012004-09100-044110FM-12+033199999V0202301N002610075019N0020001N1+02801+01721101631ADDAA199000091GF106991051031008001031021KA1240N+02161MA1999999097801MD1999999+0051REMSYN076AAXX  30124 82975 32595 62305 10280 20172 39780 40163 85332 333 20216 58005;EQDQ01  00002PRCP99
0167829750999992002051218004-09100-044110FM-12+033199999V0203601N007019999999N0040001N1+03211+01421101221ADDAA199000091GF106991021031008001999041MA1999999097461MD1999999+0151REMSYN070AAXX  12180 82975 32596 63607 10321 20142 39746 40122 823/4 333 58015;EQDQ01  00002PRCP99
0208829750999992002051300004-09100-044110FM-12+033199999V0209999C000012200019N0002001N1+02511+01161101371ADDAA199000091GA1001+999999999GF100991001001999999001001KA1240M+03251MA1999999097511MD1999999+0051REMSYN082AAXX  13004 82975 32992 00000 10251 20116 39751 40137 333 10325 29046 55081 58005;EQDQ01  00002PRCP99
0186829750999992002051312004-09100-044110FM-12+033199999V0200901N002619999999N0040001N1+02411+01681101731ADDAA199000091GF105991041021008001999021KA1240N+02081MA1999999097841MD1999999+0071REMSYN076AAXX  13124 82975 32596 50905 10241 20168 39784 40173 842/2 333 20208 58007;EQDQ01  00002PRCP99
0186829750999992002051612004-09100-044110FM-12+033199999V0202701N002612200019N0010001N1+02231+01621101561ADDAA199000091GF103991021031008001999999KA1240N+01861MA1999999097641MD1999999-0191REMSYN076AAXX  16124 82975 32594 32705 10223 20162 39764 40156 823// 333 20186 59019;EQDQ01  00002PRCP99
0196829750999992002061112004-09100-044120FM-12+033199999V0200501N003612200019N0002001N1+02711+02031101681ADDAA199000091GA1001+999999999GF100991001001999999001001KA1240N+02041MA1999999097841MD1999999-0061REMSYN070AAXX  11124 82975 32992 00507 10271 20203 39784 40168 333 20204 59006;EQDQ01  00002PRCP99
0186829750999992002062712004-09100-044120FM-12+033199999V0201801N002610450019N0010001N1+03021+02311101951ADDAA199000091GF106991041031008001021999KA1240N+02101MA1999999098141MD1999999+0001REMSYN076AAXX  27124 82975 32594 61805 10302 20231 39814 40195 8432/ 333 20210 58000;EQDQ01  00002PRCP99
0196829750999992002071312004-09100-044120FM-12+033199999V0203601N002612200019N0002001N1+02711+01941101751ADDAA199000091GA1001+999999999GF100991001001999999001001KA1240N+02091MA1999999097901MD1999999+0001REMSYN070AAXX  13124 82975 32992 03605 10271 20194 39790 40175 333 20209 58000;EQDQ01  00002PRCP99
